1.015925648576285978e+00,9.801964274127976662e-01,1.000000000000000000e+00
9.553970526266934993e-01,1.018787228643354137e+00,1.000000000000000000e+00
1.057201837654079046e+00,9.400267336701851884e-01,1.000000000000000000e+00
1.002131503385084832e+00,1.040298995486893974e+00,1.000000000000000000e+00
9.493869676106285738e-01,1.098645150812946891e+00,1.000000000000000000e+00
1.043531469051832472e+00,1.083843219256884094e+00,1.000000000000000000e+00
1.062909513772916092e+00,1.072043591830023290e+00,1.000000000000000000e+00
1.090274782908355000e+00,9.771739203609857150e-01,1.000000000000000000e+00
9.309397241163537284e-01,9.649093102057341165e-01,1.000000000000000000e+00
1.019468984992117910e+00,9.851659888457877656e-01,1.000000000000000000e+00
1.001274652995779890e+00,9.961243933887516944e-01,1.000000000000000000e+00
1.014569173861975981e+00,9.759368500929173074e-01,1.000000000000000000e+00
9.620309344681682306e-01,9.923748431431312911e-01,1.000000000000000000e+00
1.071550327919643886e+00,8.973025024264745797e-01,1.000000000000000000e+00
1.054813929554841545e+00,9.374151474519787364e-01,1.000000000000000000e+00
9.598414272001066783e-01,1.029148348774760136e+00,1.000000000000000000e+00
8.699501310031021450e-01,9.583463945743552204e-01,1.000000000000000000e+00
1.004923004973374390e+00,9.656704573433170236e-01,1.000000000000000000e+00
9.835418807738498526e-01,9.139467264531793145e-01,1.000000000000000000e+00
9.359850554165275449e-01,9.446175754667096580e-01,1.000000000000000000e+00
9.472534100695948478e-01,9.766858570758558677e-01,1.000000000000000000e+00
9.770686092598390715e-01,1.054281079773109031e+00,1.000000000000000000e+00
1.134090273959675432e+00,9.160518002595487985e-01,1.000000000000000000e+00
1.028876353717181447e+00,9.181211058417761972e-01,1.000000000000000000e+00
1.016830070717411605e+00,9.671209665531830257e-01,1.000000000000000000e+00
9.337941927897106531e-01,9.617162696622926221e-01,1.000000000000000000e+00
9.895669161054172491e-01,9.944894268049602193e-01,1.000000000000000000e+00
9.622661718441888334e-01,1.034670424318417270e+00,1.000000000000000000e+00
1.027439573305636067e+00,9.094600465772771924e-01,1.000000000000000000e+00
1.002327476897310943e+00,1.134136912951023479e+00,1.000000000000000000e+00
1.022966970137374476e+00,9.602920173326205955e-01,1.000000000000000000e+00
9.570030641540331340e-01,9.896135325859145571e-01,1.000000000000000000e+00
1.018142000512965106e+00,1.016485887824463807e+00,1.000000000000000000e+00
1.049793587702019027e+00,1.105360151985324002e+00,1.000000000000000000e+00
9.752641152535834745e-01,1.060634973634178690e+00,1.000000000000000000e+00
9.139193121889745974e-01,9.692831738415366161e-01,1.000000000000000000e+00
1.008591027960654474e+00,9.733137231481934215e-01,1.000000000000000000e+00
9.837189744405038239e-01,1.001117619569807271e+00,1.000000000000000000e+00
9.818013743635679580e-01,9.657602639505976638e-01,1.000000000000000000e+00
9.809690418137309020e-01,9.592934373599979470e-01,1.000000000000000000e+00
9.776883607318010982e-01,1.062352546962699318e+00,1.000000000000000000e+00
9.788248974198819896e-01,1.053588591633640048e+00,1.000000000000000000e+00
9.756491753777225551e-01,1.003389863388542524e+00,1.000000000000000000e+00
8.992526135991706360e-01,9.688039031616414443e-01,1.000000000000000000e+00
9.204697156009954417e-01,1.088935143935106042e+00,1.000000000000000000e+00
9.209254475663345429e-01,9.689794668598007421e-01,1.000000000000000000e+00
9.499712018983198503e-01,9.358831283325399486e-01,1.000000000000000000e+00
9.420657587542381473e-01,1.025806044961700803e+00,1.000000000000000000e+00
9.432856605895103552e-01,1.056802264454560492e+00,1.000000000000000000e+00
1.013783119253859111e+00,9.835628003272167685e-01,1.000000000000000000e+00
1.009152163480785624e+00,9.235863057940529863e-01,1.000000000000000000e+00
1.042071376828918039e+00,9.940940770045572084e-01,1.000000000000000000e+00
1.033398916823202951e+00,9.753098820855155004e-01,1.000000000000000000e+00
9.922518481160998993e-01,1.042788497452604268e+00,1.000000000000000000e+00
9.199996425028000857e-01,1.097074211288935341e+00,1.000000000000000000e+00
1.010193199636105543e+00,9.773858516984680334e-01,1.000000000000000000e+00
1.004683868170575867e+00,1.042727582722969615e+00,1.000000000000000000e+00
1.047050661682369599e+00,1.033250106247984190e+00,1.000000000000000000e+00
1.078034511880713087e+00,1.078552854442537345e+00,1.000000000000000000e+00
9.830881163549275437e-01,9.124001434170773139e-01,1.000000000000000000e+00
9.527834980288650835e-01,1.101818867987992556e+00,1.000000000000000000e+00
1.007273829101131390e+00,1.000588246066984377e+00,1.000000000000000000e+00
1.084144376604153859e+00,9.902750679476336471e-01,1.000000000000000000e+00
1.065696839633307746e+00,9.983302039222931024e-01,1.000000000000000000e+00
9.342509612983640466e-01,1.031393372602038783e+00,1.000000000000000000e+00
9.287989539365726355e-01,1.109124577403045375e+00,1.000000000000000000e+00
9.701306071655144692e-01,9.544772581250321464e-01,1.000000000000000000e+00
1.012663779666741926e+00,9.811339951956320471e-01,1.000000000000000000e+00
8.842660004195947998e-01,1.025158979994329700e+00,1.000000000000000000e+00
1.022846819762533555e+00,1.011577622855606373e+00,1.000000000000000000e+00
9.942348975578025883e-01,1.008268033336154224e+00,1.000000000000000000e+00
1.066056061758356988e+00,9.746307840212053986e-01,1.000000000000000000e+00
1.058713448484664088e+00,1.020949257780769281e+00,1.000000000000000000e+00
9.660950065708454604e-01,9.547768305077136697e-01,1.000000000000000000e+00
9.559947656129329507e-01,1.021879153611698676e+00,1.000000000000000000e+00
1.063977884944166119e+00,1.017783196834888049e+00,1.000000000000000000e+00
9.257704715508804361e-01,1.023300133861936301e+00,1.000000000000000000e+00
9.667382338272547670e-01,1.072220132127130965e+00,1.000000000000000000e+00
9.276906408535005033e-01,1.023436741923198445e+00,1.000000000000000000e+00
1.120961718732792045e+00,9.950194441649563570e-01,1.000000000000000000e+00
1.043240191276993745e+00,1.036778653118916482e+00,1.000000000000000000e+00
9.047100966586363313e-01,1.028985390274170797e+00,1.000000000000000000e+00
1.043855568323756922e+00,1.015643984739175165e+00,1.000000000000000000e+00
9.495043698295939638e-01,9.568778692873260994e-01,1.000000000000000000e+00
9.470262437416141488e-01,1.067142642355250581e+00,1.000000000000000000e+00
9.769724394239391874e-01,1.006146863834424199e+00,1.000000000000000000e+00
1.119395721238647390e+00,9.317153916508987832e-01,1.000000000000000000e+00
9.760124742740183823e-01,9.856449564946430097e-01,1.000000000000000000e+00
9.684034357743810384e-01,9.905597385290381141e-01,1.000000000000000000e+00
1.124754370797210745e+00,1.077854684660624285e+00,1.000000000000000000e+00
9.491825572478829187e-01,9.828090377195769500e-01,1.000000000000000000e+00
1.048331640826575706e+00,9.849551742221643869e-01,1.000000000000000000e+00
9.985077036091266622e-01,1.138497237888486557e+00,1.000000000000000000e+00
1.073101738578153386e+00,1.036853160886120007e+00,1.000000000000000000e+00
9.372022413230940430e-01,1.021914424129809928e+00,1.000000000000000000e+00
1.073002231467002021e+00,9.396454925489523546e-01,1.000000000000000000e+00
9.389507689321124895e-01,1.119644623849835874e+00,1.000000000000000000e+00
9.613298911165218952e-01,1.053413947056882627e+00,1.000000000000000000e+00
9.465265608409769715e-01,9.612947637825928204e-01,1.000000000000000000e+00
9.833334503265154236e-01,9.328371182224061142e-01,1.000000000000000000e+00
1.009003326446161308e+00,9.903262615311889672e-01,1.000000000000000000e+00
1.050286161119497796e+00,1.073300750148233451e+00,1.000000000000000000e+00
9.722584970223101530e-01,8.944696175139875693e-01,1.000000000000000000e+00
9.919637830750609453e-01,1.000499350235540597e+00,1.000000000000000000e+00
9.066183979461674980e-01,1.151896904636132701e+00,1.000000000000000000e+00
9.284416259334032917e-01,1.001243403045401381e+00,1.000000000000000000e+00
9.364072943575083574e-01,9.591327660357795715e-01,1.000000000000000000e+00
1.004939767794832850e+00,1.071394654597028762e+00,1.000000000000000000e+00
9.625441078229578507e-01,1.049569876450181738e+00,1.000000000000000000e+00
9.749138209793157817e-01,1.012678606472208420e+00,1.000000000000000000e+00
1.054737261668742709e+00,9.363568547325673563e-01,1.000000000000000000e+00
1.056254544316494570e+00,1.028985372235549978e+00,1.000000000000000000e+00
9.911562041677687285e-01,9.457341979682730715e-01,1.000000000000000000e+00
9.480624003846237491e-01,1.031564435216775877e+00,1.000000000000000000e+00
1.044068189038118266e+00,9.209938094899016159e-01,1.000000000000000000e+00
1.070090737248269308e+00,9.712217533227787136e-01,1.000000000000000000e+00
9.942111597182597960e-01,1.033823148353088639e+00,1.000000000000000000e+00
1.052060450679692671e+00,9.586425065330438366e-01,1.000000000000000000e+00
1.037076942951706604e+00,1.020224448128935313e+00,1.000000000000000000e+00
9.025651576166148216e-01,1.043351745673907205e+00,1.000000000000000000e+00
9.707021693285553532e-01,1.084537828999871056e+00,1.000000000000000000e+00
1.023059911323022542e+00,9.657753574624473591e-01,1.000000000000000000e+00
1.029269404779282526e+00,1.033178625651115068e+00,1.000000000000000000e+00
1.009768502468794127e+00,1.011452058709634727e+00,1.000000000000000000e+00
9.781716714339393492e-01,9.586893834012404358e-01,1.000000000000000000e+00
9.920559608246083405e-01,1.014402607276991608e+00,1.000000000000000000e+00
1.002586153788604051e+00,9.645766309509472558e-01,1.000000000000000000e+00
9.514004789891429281e-01,1.083405022558008746e+00,1.000000000000000000e+00
9.936654955760729768e-01,9.453269228314461481e-01,1.000000000000000000e+00
1.053448930948658546e+00,1.011077926219587697e+00,1.000000000000000000e+00
9.341906855574941826e-01,1.003283493488083877e+00,1.000000000000000000e+00
9.766355596472746647e-01,9.885101450159320402e-01,1.000000000000000000e+00
1.000951732892005452e+00,9.152145788502739077e-01,1.000000000000000000e+00
9.498502710278589056e-01,9.816147118558162799e-01,1.000000000000000000e+00
9.746052702699020687e-01,9.374573681914020185e-01,1.000000000000000000e+00
9.631150244366079027e-01,1.052110240084066506e+00,1.000000000000000000e+00
1.042504667117419626e+00,1.051019668707713350e+00,1.000000000000000000e+00
9.908342545274794189e-01,9.876456364011166889e-01,1.000000000000000000e+00
1.047211578757117234e+00,1.019056859842291995e+00,1.000000000000000000e+00
9.592384384236292139e-01,9.844492678953801201e-01,1.000000000000000000e+00
1.002420407709430306e+00,1.090578067086163339e+00,1.000000000000000000e+00
9.874008366461184405e-01,9.645864088448481422e-01,1.000000000000000000e+00
1.020077834438583242e+00,9.830619423307840332e-01,1.000000000000000000e+00
9.551380443923438435e-01,1.032442383412061737e+00,1.000000000000000000e+00
9.839019375094302244e-01,9.725746225596697547e-01,1.000000000000000000e+00
9.959499609688774457e-01,1.063429519784160782e+00,1.000000000000000000e+00
1.029556540573379309e+00,1.072420128309965470e+00,1.000000000000000000e+00
1.022371349698317555e+00,1.051421107034017588e+00,1.000000000000000000e+00
1.007377573044837327e+00,8.868823353396203535e-01,1.000000000000000000e+00
9.777883487724992051e-01,1.025314803503146077e+00,1.000000000000000000e+00
8.937603961934444952e-01,1.100858533451883448e+00,1.000000000000000000e+00
1.011378457981449541e+00,9.469359214714533346e-01,1.000000000000000000e+00
1.021426491271220316e+00,9.948302266048341114e-01,1.000000000000000000e+00
9.897021462546186088e-01,1.032260517649282061e+00,1.000000000000000000e+00
9.571813168821714513e-01,9.926415059225652815e-01,1.000000000000000000e+00
9.895780985375435268e-01,9.889536545119658184e-01,1.000000000000000000e+00
9.662873152324260584e-01,9.965259947295549425e-01,1.000000000000000000e+00
9.282986589556669887e-01,1.043349297666999798e+00,1.000000000000000000e+00
9.925126603343210618e-01,1.063626388831637737e+00,1.000000000000000000e+00
9.237037280231774616e-01,1.022548738534835522e+00,1.000000000000000000e+00
9.649383907613735545e-01,1.093440197036032790e+00,1.000000000000000000e+00
1.043157491647695556e+00,1.040985370395198117e+00,1.000000000000000000e+00
1.016103802345166285e+00,1.098619030218124681e+00,1.000000000000000000e+00
9.703429896546945654e-01,1.050280137229801181e+00,1.000000000000000000e+00
9.599218909892280882e-01,9.090952943252901264e-01,1.000000000000000000e+00
1.020617371059377332e+00,1.061526053101901068e+00,1.000000000000000000e+00
9.600481947289682960e-01,1.048388899791384610e+00,1.000000000000000000e+00
1.041287729244331661e+00,1.055251891360623917e+00,1.000000000000000000e+00
9.763972990925458006e-01,1.050859374812520786e+00,1.000000000000000000e+00
1.012399520372991413e+00,1.085444779934820136e+00,1.000000000000000000e+00
9.051727194400269738e-01,1.048266530658047646e+00,1.000000000000000000e+00
9.220943306064544043e-01,9.066894328406924775e-01,1.000000000000000000e+00
9.233146848763333914e-01,1.109111877894956466e+00,1.000000000000000000e+00
1.036025744572249607e+00,9.945042301206913349e-01,1.000000000000000000e+00
9.952355391912083293e-01,1.031669493576857999e+00,1.000000000000000000e+00
9.929664561429404346e-01,1.050823874206019859e+00,1.000000000000000000e+00
9.811628038015047792e-01,1.067285793516168813e+00,1.000000000000000000e+00
1.001470919356273193e+00,1.015578613057970925e+00,1.000000000000000000e+00
9.607837202611156924e-01,9.338788174670015207e-01,1.000000000000000000e+00
1.058943021209228563e+00,1.011258713510635232e+00,1.000000000000000000e+00
1.015901093119664811e+00,9.054144482719463927e-01,1.000000000000000000e+00
1.013795632515191336e+00,1.044885314885152017e+00,1.000000000000000000e+00
9.925662770397587487e-01,1.006448003554041071e+00,1.000000000000000000e+00
9.519738749413865220e-01,9.800779205446502607e-01,1.000000000000000000e+00
9.126200972431317560e-01,9.534187820122945745e-01,1.000000000000000000e+00
9.820866285107628935e-01,9.950815010042430853e-01,1.000000000000000000e+00
1.032859563110173351e+00,1.042499277029198312e+00,1.000000000000000000e+00
1.014641711682125580e+00,1.032883318490917413e+00,1.000000000000000000e+00
1.071683349985234068e+00,1.109562244539331610e+00,1.000000000000000000e+00
9.488773637698277863e-01,1.005417771378163350e+00,1.000000000000000000e+00
1.106952998325865467e+00,1.084373676008006049e+00,1.000000000000000000e+00
9.945002068950157259e-01,1.018237441856438164e+00,1.000000000000000000e+00
9.573168226808281833e-01,1.032520678653863655e+00,1.000000000000000000e+00
9.821433686040614841e-01,9.936130190207399515e-01,1.000000000000000000e+00
9.606429364578099594e-01,9.028799995508373089e-01,1.000000000000000000e+00
9.565357104582404846e-01,9.490278103821467859e-01,1.000000000000000000e+00
9.711178009485158524e-01,1.093612549203558437e+00,1.000000000000000000e+00
1.054183356973459107e+00,9.815022023526245309e-01,1.000000000000000000e+00
9.505534777676415414e-01,1.003953310407582178e+00,1.000000000000000000e+00
9.997458957125675560e-01,9.319765350572917217e-01,1.000000000000000000e+00
1.044942745484461089e+00,1.054592535419118127e+00,1.000000000000000000e+00
1.006565253844510233e+00,9.682383878233296048e-01,1.000000000000000000e+00
8.782739191558919245e-01,1.087157322417025007e+00,1.000000000000000000e+00
1.094252978300912948e+00,9.866756581593115749e-01,1.000000000000000000e+00
1.007977970319408056e+00,1.003642952441539560e+00,1.000000000000000000e+00
1.055834861710210681e+00,1.101624157012331517e+00,1.000000000000000000e+00
9.072604981403347146e-01,9.796042335428828407e-01,1.000000000000000000e+00
1.080808413781608524e+00,1.051237684586662002e+00,1.000000000000000000e+00
9.797055895974611239e-01,9.811227836430004290e-01,1.000000000000000000e+00
1.009687182989879917e+00,9.228322774513586513e-01,1.000000000000000000e+00
9.870707865907765166e-01,9.083196148918170065e-01,1.000000000000000000e+00
9.812657462232367012e-01,9.619200327955409469e-01,1.000000000000000000e+00
9.244502695470010467e-01,1.031052286285856434e+00,1.000000000000000000e+00
9.875458712910725190e-01,9.796751581530697139e-01,1.000000000000000000e+00
9.811151285965286073e-01,1.090344901716054249e+00,1.000000000000000000e+00
9.639594578337297159e-01,1.094871585243871737e+00,1.000000000000000000e+00
9.828331965095629119e-01,9.856637400759861167e-01,1.000000000000000000e+00
1.040284304982037833e+00,1.055440092606646285e+00,1.000000000000000000e+00
1.013353200908788665e+00,1.058434355440548869e+00,1.000000000000000000e+00
9.720210216167464168e-01,9.534228256012380331e-01,1.000000000000000000e+00
9.463535365283121115e-01,1.063884328355601205e+00,1.000000000000000000e+00
9.729679383332442422e-01,9.616067782738847436e-01,1.000000000000000000e+00
1.041334786013269564e+00,1.115614688079315409e+00,1.000000000000000000e+00
9.554042646482463486e-01,1.068144168901652424e+00,1.000000000000000000e+00
1.048555581977723028e+00,1.041613032454392407e+00,1.000000000000000000e+00
9.765926597480312221e-01,1.000525764999440792e+00,1.000000000000000000e+00
1.068030330574215814e+00,8.575104773452357776e-01,1.000000000000000000e+00
1.002886501310107592e+00,1.073394448723835382e+00,1.000000000000000000e+00
8.763066279303050043e-01,9.443126309139823205e-01,1.000000000000000000e+00
9.699982397490641839e-01,1.008979130909247512e+00,1.000000000000000000e+00
1.044760628125165347e+00,1.010291451222679271e+00,1.000000000000000000e+00
1.034179630980980757e+00,1.040193683971476046e+00,1.000000000000000000e+00
1.013543417994530182e+00,9.774288548361144136e-01,1.000000000000000000e+00
1.004892687303736487e+00,1.053113403209603671e+00,1.000000000000000000e+00
1.038426054980525537e+00,1.039957981807144494e+00,1.000000000000000000e+00
9.651670458460536173e-01,8.975644284236292680e-01,1.000000000000000000e+00
9.403258590512327819e-01,9.222949396547677203e-01,1.000000000000000000e+00
1.002291761522187130e+00,9.395786568234558711e-01,1.000000000000000000e+00
1.031015170856109053e+00,9.863349336794410283e-01,1.000000000000000000e+00
1.010869637898018203e+00,9.228879568789820631e-01,1.000000000000000000e+00
1.038843753647684887e+00,1.104337923360350526e+00,1.000000000000000000e+00
1.067987782097146843e+00,1.036446206945298432e+00,1.000000000000000000e+00
1.110775666451102595e+00,1.014262825838183835e+00,1.000000000000000000e+00
8.852198461137193997e-01,1.005276873019061767e+00,1.000000000000000000e+00
1.027576661858998763e+00,1.020031199455603721e+00,1.000000000000000000e+00
9.578461362396727408e-01,9.338665844180438214e-01,1.000000000000000000e+00
9.983782895326845930e-01,1.058858847655163027e+00,1.000000000000000000e+00
1.059190285032949763e+00,1.027572300698056829e+00,1.000000000000000000e+00
9.972167855089077992e-01,9.954017324403396927e-01,1.000000000000000000e+00
9.726963772968272304e-01,1.008207808125200389e+00,1.000000000000000000e+00
9.386895098297407536e-01,9.943952326109134487e-01,1.000000000000000000e+00
9.691815632767858402e-01,9.495708139257409419e-01,1.000000000000000000e+00
1.027741540202483206e+00,1.003358898569383095e+00,1.000000000000000000e+00
9.556639176916756906e-01,1.030468779624661435e+00,1.000000000000000000e+00
1.055410048876369133e+00,1.051166235398472537e+00,1.000000000000000000e+00
9.751213319266145430e-01,9.425576415412783016e-01,1.000000000000000000e+00
9.114897961551130523e-01,9.821640981140418170e-01,1.000000000000000000e+00
9.908152645498718991e-01,9.972030870395662827e-01,1.000000000000000000e+00
1.004458062189407253e+00,1.046671606017694822e+00,1.000000000000000000e+00
1.064873952103037702e+00,1.026852754731634176e+00,1.000000000000000000e+00
1.089190143303663261e+00,9.516704488911296167e-01,1.000000000000000000e+00
1.073023518614700578e+00,1.077014992170516772e+00,1.000000000000000000e+00
9.666867020962368606e-01,9.611237312866510729e-01,1.000000000000000000e+00
1.049454443180654284e+00,1.033179360845202011e+00,1.000000000000000000e+00
9.690034230729911435e-01,1.039664340116051688e+00,1.000000000000000000e+00
1.079877513838421121e+00,1.121253643636024311e+00,1.000000000000000000e+00
1.114883284488256798e+00,1.003036166582784716e+00,1.000000000000000000e+00
9.611925663357880900e-01,9.594647346687719125e-01,1.000000000000000000e+00
1.050920592583764135e+00,9.694529785399771393e-01,1.000000000000000000e+00
1.028059557868573171e+00,1.058867958490052885e+00,1.000000000000000000e+00
1.067103409354993149e+00,8.867575015345228184e-01,1.000000000000000000e+00
9.839897679444081779e-01,1.006864117278941873e+00,1.000000000000000000e+00
1.021334788894145751e+00,1.022983369252455255e+00,1.000000000000000000e+00
9.904695055453637265e-01,1.056555170497780693e+00,1.000000000000000000e+00
9.263777339087451157e-01,1.149420295307324480e+00,1.000000000000000000e+00
9.892209092856288910e-01,9.933771995953323275e-01,1.000000000000000000e+00
9.814759211253940574e-01,9.655354098977131372e-01,1.000000000000000000e+00
9.594587886410409494e-01,1.077889732109806653e+00,1.000000000000000000e+00
9.775275711779867205e-01,9.560114047050825015e-01,1.000000000000000000e+00
1.028841106327622823e+00,9.976490150317414152e-01,1.000000000000000000e+00
1.070202109176966010e+00,9.437403650707715252e-01,1.000000000000000000e+00
9.801035836521130307e-01,9.827596122835638992e-01,1.000000000000000000e+00
1.017366767607679412e+00,1.001716723943500975e+00,1.000000000000000000e+00
9.440908118919179026e-01,1.046855135816654014e+00,1.000000000000000000e+00
9.933070262409610107e-01,9.686188338994299318e-01,1.000000000000000000e+00
9.458440085909681772e-01,1.101403289131463570e+00,1.000000000000000000e+00
9.969412146073184378e-01,1.064895847839948839e+00,1.000000000000000000e+00
9.790187347248602290e-01,9.855678856990212067e-01,1.000000000000000000e+00
1.078000931054130751e+00,9.450570181443117557e-01,1.000000000000000000e+00
9.884233196502600904e-01,9.959145789327653597e-01,1.000000000000000000e+00
1.111860436278743647e+00,9.977961673775670448e-01,1.000000000000000000e+00
1.026406120995726701e+00,1.015407264949199861e+00,1.000000000000000000e+00
9.620306150449544624e-01,1.016274383368276357e+00,1.000000000000000000e+00
1.070898804018606265e+00,9.230855459437807831e-01,1.000000000000000000e+00
1.056740823295835519e+00,9.910725397053544716e-01,1.000000000000000000e+00
1.035365006288435419e+00,1.018765481387308158e+00,1.000000000000000000e+00
9.694803444137478632e-01,9.556406427932415681e-01,1.000000000000000000e+00
1.005825017303067170e+00,9.607202061591360032e-01,1.000000000000000000e+00
9.324280801124389395e-01,9.654422235279918052e-01,1.000000000000000000e+00
9.834598885581558037e-01,1.044104891424497028e+00,1.000000000000000000e+00
9.339044940417372542e-01,1.045889164431082374e+00,1.000000000000000000e+00
9.548462279549768672e-01,9.833136823522143910e-01,1.000000000000000000e+00
1.039989301369881325e+00,9.586737710206117979e-01,1.000000000000000000e+00
1.023465015556631386e+00,1.007605159820892826e+00,1.000000000000000000e+00
1.045491060850187059e+00,9.760787923223650520e-01,1.000000000000000000e+00
9.676812370747363001e-01,9.942214676823466490e-01,1.000000000000000000e+00
9.920067611221722315e-01,9.447453377142703834e-01,1.000000000000000000e+00
1.011306170659724391e+00,9.648386436314547732e-01,1.000000000000000000e+00
9.266015206264434090e-01,9.350435600744467779e-01,1.000000000000000000e+00
9.806227186514534511e-01,1.043892796344984886e+00,1.000000000000000000e+00
1.016422882144446316e+00,9.784601948039373109e-01,1.000000000000000000e+00
9.470654302094647647e-01,9.550429400701669902e-01,1.000000000000000000e+00
1.039399450523197821e+00,9.772351183239285088e-01,1.000000000000000000e+00
9.751627502511532875e-01,1.031146595517751674e+00,1.000000000000000000e+00
1.035823986403228814e+00,1.037605520234638590e+00,1.000000000000000000e+00
1.008062205365815034e+00,9.827186112056905953e-01,1.000000000000000000e+00
1.088911042964996634e+00,8.964671640501555849e-01,1.000000000000000000e+00
1.068012114653070332e+00,9.661325969902765376e-01,1.000000000000000000e+00
9.689458185252473044e-01,1.076760045750930761e+00,1.000000000000000000e+00
1.022624520609910270e+00,9.539091272969397739e-01,1.000000000000000000e+00
9.688249038322201967e-01,1.018804912117965422e+00,1.000000000000000000e+00
9.718422947582548987e-01,1.071355367798946467e+00,1.000000000000000000e+00
1.063921805796879783e+00,1.066987624255193445e+00,1.000000000000000000e+00
1.000680315945204235e+00,9.323023006819293190e-01,1.000000000000000000e+00
1.050906615721810766e+00,9.394890924169926327e-01,1.000000000000000000e+00
9.428143508923320093e-01,1.022106158710390122e+00,1.000000000000000000e+00
9.113562918355810893e-01,1.027459918112482828e+00,1.000000000000000000e+00
9.734830995896293082e-01,1.046549026655500203e+00,1.000000000000000000e+00
1.024140169213992202e+00,1.065723713838687248e+00,1.000000000000000000e+00
1.062548042142728022e+00,1.010844101813739737e+00,1.000000000000000000e+00
1.035183188999150294e+00,1.085179180888187878e+00,1.000000000000000000e+00
9.852986984474796373e-01,9.796902069560298187e-01,1.000000000000000000e+00
9.709739015576387411e-01,1.015528133411760292e+00,1.000000000000000000e+00
1.091010352853835519e+00,1.015852112082613168e+00,1.000000000000000000e+00
1.058781124719160083e+00,1.001504938186137839e+00,1.000000000000000000e+00
1.066711537964800227e+00,9.771837706887066544e-01,1.000000000000000000e+00
9.987979409193141755e-01,9.388854991722274113e-01,1.000000000000000000e+00
1.071554136554093928e+00,1.046467885055111235e+00,1.000000000000000000e+00
9.612725491441912462e-01,9.554445985925057450e-01,1.000000000000000000e+00
9.873538915089258294e-01,1.011045804160671135e+00,1.000000000000000000e+00
1.008379490802997269e+00,1.038531718502142986e+00,1.000000000000000000e+00
9.374880515914203460e-01,9.502871318653622890e-01,1.000000000000000000e+00
1.058305012331066441e+00,1.026471695243865723e+00,1.000000000000000000e+00
9.699989290670428810e-01,1.025937659700005389e+00,1.000000000000000000e+00
1.022957428987197437e+00,9.411937516150904459e-01,1.000000000000000000e+00
9.756424702096976320e-01,1.019443935883893815e+00,1.000000000000000000e+00
1.005543713187732724e+00,9.652934752769215532e-01,1.000000000000000000e+00
1.004072132808721207e+00,1.001591710415763004e+00,1.000000000000000000e+00
9.546711537154706217e-01,1.014885624797544850e+00,1.000000000000000000e+00
1.012426160405517139e+00,9.507916418698637573e-01,1.000000000000000000e+00
9.647167234395414015e-01,1.030890197111068662e+00,1.000000000000000000e+00
1.025718143225486712e+00,1.017869354621048439e+00,1.000000000000000000e+00
1.011033528536685822e+00,1.011640962892547124e+00,1.000000000000000000e+00
1.082713224323756052e+00,9.875157629766043721e-01,1.000000000000000000e+00
1.044197782029279598e+00,9.500769030997215925e-01,1.000000000000000000e+00
1.006188434781766450e+00,1.037280260001401944e+00,1.000000000000000000e+00
1.054379763787418378e+00,1.049071566584269810e+00,1.000000000000000000e+00
9.550361707137557943e-01,1.089305182943729022e+00,1.000000000000000000e+00
1.003941791788110161e+00,9.678620724075658321e-01,1.000000000000000000e+00
1.037367963928850667e+00,1.011570781527341145e+00,1.000000000000000000e+00
9.132325603204535236e-01,1.072535037447135187e+00,1.000000000000000000e+00
1.027116614692895391e+00,9.630977815339750725e-01,1.000000000000000000e+00
9.848125809728747182e-01,9.871451776373458831e-01,1.000000000000000000e+00
1.019477637030734574e+00,9.829492583586348919e-01,1.000000000000000000e+00
9.864404130332451448e-01,1.005961670674414110e+00,1.000000000000000000e+00
1.035068080880455987e+00,1.017315395833570113e+00,1.000000000000000000e+00
9.914757671629432778e-01,1.054006899126134433e+00,1.000000000000000000e+00
1.003287814162296510e+00,1.047879061821478164e+00,1.000000000000000000e+00
8.750371832247745285e-01,9.407669397622859808e-01,1.000000000000000000e+00
9.174093513775796183e-01,9.646778914966610552e-01,1.000000000000000000e+00
1.024990415696625634e+00,9.480293421136235521e-01,1.000000000000000000e+00
9.640780369847320452e-01,9.158265850378342066e-01,1.000000000000000000e+00
9.772584030899917895e-01,9.915736944993047697e-01,1.000000000000000000e+00
1.008986842324034461e+00,9.845802700451586897e-01,1.000000000000000000e+00
9.470778120854527193e-01,1.037000253521498605e+00,1.000000000000000000e+00
9.821276434239928355e-01,9.899704769604592558e-01,1.000000000000000000e+00
1.004192565656840896e+00,1.061921992627900435e+00,1.000000000000000000e+00
1.001871683647522326e+00,1.012806718643361359e+00,1.000000000000000000e+00
9.810189489636008675e-01,9.731677731345644844e-01,1.000000000000000000e+00
9.252111216785983139e-01,1.074406513970795451e+00,1.000000000000000000e+00
9.738240984402136702e-01,9.639075668713574796e-01,1.000000000000000000e+00
9.408166530550854390e-01,1.119102850040528008e+00,1.000000000000000000e+00
1.001648902829021193e+00,9.883371892801635639e-01,1.000000000000000000e+00
1.007654297591687786e+00,9.707101971474427771e-01,1.000000000000000000e+00
1.018814048634808511e+00,9.192208186758671351e-01,1.000000000000000000e+00
9.691808752890077594e-01,9.485155232990740704e-01,1.000000000000000000e+00
1.063066071659065415e+00,1.013670509545678611e+00,1.000000000000000000e+00
1.002267281992195391e+00,9.673146319093024470e-01,1.000000000000000000e+00
9.877875712255680396e-01,9.906930926612176336e-01,1.000000000000000000e+00
1.006685488721914101e+00,9.327937318139427614e-01,1.000000000000000000e+00
9.440241650219892700e-01,1.052147136255164650e+00,1.000000000000000000e+00
1.089217545564471479e+00,9.276754041183099542e-01,1.000000000000000000e+00
9.287955334413402486e-01,1.031482398054925476e+00,1.000000000000000000e+00
1.016630925278608544e+00,9.890470953061498705e-01,1.000000000000000000e+00
1.061229993033771191e+00,1.016136389169410625e+00,1.000000000000000000e+00
1.042735470409028586e+00,9.593067776438328753e-01,1.000000000000000000e+00
1.035403446108945413e+00,9.179183313325742777e-01,1.000000000000000000e+00
1.054998596736622662e+00,1.005897042157909427e+00,1.000000000000000000e+00
1.016325336648850497e+00,1.073898286927034373e+00,1.000000000000000000e+00
9.170816487808299833e-01,1.046182489373260971e+00,1.000000000000000000e+00
9.907383714303112932e-01,8.785401846726156316e-01,1.000000000000000000e+00
9.943949716420751317e-01,1.044300647823307671e+00,1.000000000000000000e+00
9.369066008666403489e-01,9.333535109992754375e-01,1.000000000000000000e+00
1.000482477277511162e+00,1.003833806006072749e+00,1.000000000000000000e+00
9.884442870058151032e-01,9.514460159816638951e-01,1.000000000000000000e+00
1.086938686581312652e+00,9.443604180620670530e-01,1.000000000000000000e+00
9.331910501964472138e-01,1.018670555356266716e+00,1.000000000000000000e+00
9.983114448976028177e-01,9.490193152491147588e-01,1.000000000000000000e+00
1.001195425745596834e+00,1.019328475111369370e+00,1.000000000000000000e+00
1.035247900419231870e+00,1.121528053920655577e+00,1.000000000000000000e+00
9.937615005309715643e-01,9.464607315693598366e-01,1.000000000000000000e+00
9.603789450802161509e-01,9.522901880187059076e-01,1.000000000000000000e+00
9.583086046600088892e-01,1.019980061937917348e+00,1.000000000000000000e+00
1.038671884933471068e+00,9.606259527207487992e-01,1.000000000000000000e+00
1.023747078988271664e+00,9.206589803061546728e-01,1.000000000000000000e+00
1.071334418569507729e+00,9.666215443336803048e-01,1.000000000000000000e+00
9.592602626775466046e-01,1.005594899531158326e+00,1.000000000000000000e+00
1.000626014129166741e+00,9.568886476868985191e-01,1.000000000000000000e+00
1.000604161666624137e+00,9.873351708236556279e-01,1.000000000000000000e+00
1.055121253283266780e+00,1.015624720866196373e+00,1.000000000000000000e+00
1.036755423562949696e+00,1.131283630513070460e+00,1.000000000000000000e+00
9.710628778436262154e-01,9.301240821709589879e-01,1.000000000000000000e+00
1.034457930985000829e+00,1.066586687295189240e+00,1.000000000000000000e+00
9.557992321263973912e-01,9.964849296049624883e-01,1.000000000000000000e+00
1.070246467449711636e+00,9.639584277333047568e-01,1.000000000000000000e+00
9.371863235617178267e-01,9.115061637921548776e-01,1.000000000000000000e+00
1.019599073112932963e+00,9.908065014848385088e-01,1.000000000000000000e+00
9.168134975710968693e-01,9.830561569371967234e-01,1.000000000000000000e+00
1.063043665426617324e+00,9.435298071229264449e-01,1.000000000000000000e+00
1.010769217344654969e+00,1.039792541863222564e+00,1.000000000000000000e+00
1.004052492197926139e+00,9.825992487864826375e-01,1.000000000000000000e+00
1.011120855686732600e+00,1.121943558045867428e+00,1.000000000000000000e+00
1.024956923082413152e+00,1.025414096238936423e+00,1.000000000000000000e+00
1.105412782467100063e+00,1.017785904987066559e+00,1.000000000000000000e+00
9.450158547140230514e-01,1.068710659674825258e+00,1.000000000000000000e+00
9.642809058881223194e-01,9.182999377796915441e-01,1.000000000000000000e+00
1.006217722117128455e+00,9.152303992664672094e-01,1.000000000000000000e+00
1.063126198705224290e+00,9.678386050233711568e-01,1.000000000000000000e+00
9.657574843143820198e-01,1.060865933049550236e+00,1.000000000000000000e+00
1.011451806553035793e+00,1.024638500874711644e+00,1.000000000000000000e+00
9.726828282195809638e-01,1.030350033166319790e+00,1.000000000000000000e+00
1.041962138171431018e+00,1.038356519172065617e+00,1.000000000000000000e+00
1.037775356965131124e+00,1.039448601054393739e+00,1.000000000000000000e+00
1.005658070439751528e+00,1.057801242732518965e+00,1.000000000000000000e+00
1.041203704994843049e+00,9.928078210996743591e-01,1.000000000000000000e+00
1.023175840556143523e+00,1.034719992902051189e+00,1.000000000000000000e+00
1.030714889446536775e+00,1.087576404814189379e+00,1.000000000000000000e+00
1.034254846149360585e+00,9.551028593645733977e-01,1.000000000000000000e+00
1.014500419093009809e+00,9.364860963349882494e-01,1.000000000000000000e+00
1.051191743172977588e+00,1.067055095726441305e+00,1.000000000000000000e+00
9.041859194681582945e-01,1.009971184033644720e+00,1.000000000000000000e+00
9.468820408150004919e-01,9.910476126619425230e-01,1.000000000000000000e+00
1.050784232639692561e+00,9.576162568210940806e-01,1.000000000000000000e+00
1.004798322733392091e+00,1.050931104984486275e+00,1.000000000000000000e+00
1.017981596489675900e+00,9.527200852809699638e-01,1.000000000000000000e+00
9.477090471381942605e-01,1.069860105474443435e+00,1.000000000000000000e+00
1.033862109975921761e+00,9.609802845882079447e-01,1.000000000000000000e+00
1.018893249096859854e+00,1.083187835636618690e+00,1.000000000000000000e+00
1.004165128689059827e+00,9.632033912243859186e-01,1.000000000000000000e+00
1.008411971995291312e+00,9.797529188550320178e-01,1.000000000000000000e+00
9.557554548510540648e-01,1.055870211581175555e+00,1.000000000000000000e+00
9.969337137854893394e-01,1.038347315887916178e+00,1.000000000000000000e+00
9.993954848450560258e-01,1.027930461161804754e+00,1.000000000000000000e+00
9.680481835312910732e-01,1.027456137420017734e+00,1.000000000000000000e+00
9.586378512287059284e-01,9.604983819395914724e-01,1.000000000000000000e+00
1.025840083573913430e+00,1.021284448462323802e+00,1.000000000000000000e+00
9.546968472037030695e-01,1.022572072368750806e+00,1.000000000000000000e+00
1.031899345348334940e+00,9.010754341744787732e-01,1.000000000000000000e+00
9.911164529878809804e-01,1.036149951130800329e+00,1.000000000000000000e+00
1.012366954525934615e+00,9.153415772598851863e-01,1.000000000000000000e+00
1.050920679406430303e+00,1.073024157373428711e+00,1.000000000000000000e+00
1.041520525546369536e+00,1.130040448077602733e+00,1.000000000000000000e+00
9.271183852671562864e-01,9.020449774557534051e-01,1.000000000000000000e+00
1.002189809296035072e+00,9.861499870281579261e-01,1.000000000000000000e+00
9.135628542655498396e-01,1.009501401398742004e+00,1.000000000000000000e+00
1.029329947764036746e+00,1.032452525192018467e+00,1.000000000000000000e+00
1.010929622126389260e+00,9.646451144056844562e-01,1.000000000000000000e+00
1.056097034938398238e+00,1.040497710038297496e+00,1.000000000000000000e+00
9.614067136885799947e-01,1.060851083135582851e+00,1.000000000000000000e+00
1.002298213676972694e+00,9.728028158036952089e-01,1.000000000000000000e+00
1.042806924605756524e+00,1.086269823142675728e+00,1.000000000000000000e+00
9.096830843174580350e-01,9.532127495321640609e-01,1.000000000000000000e+00
1.033772298357310104e+00,1.024755725010314755e+00,1.000000000000000000e+00
1.003294380935290109e+00,9.582173282767678657e-01,1.000000000000000000e+00
1.038255593926809661e+00,9.971257481067469230e-01,1.000000000000000000e+00
1.013662133667467380e+00,1.011114908157191072e+00,1.000000000000000000e+00
1.075360358566942898e+00,1.003371902290792761e+00,1.000000000000000000e+00
1.056203729434153971e+00,9.709230835488288358e-01,1.000000000000000000e+00
9.893765331316682898e-01,9.684362589232096141e-01,1.000000000000000000e+00
9.722850615308781252e-01,1.000790311361503537e+00,1.000000000000000000e+00
9.765791965313029843e-01,9.609172246401369577e-01,1.000000000000000000e+00
1.026672418571153100e+00,9.746995161650111594e-01,1.000000000000000000e+00
9.561055603323023178e-01,9.734424248722012285e-01,1.000000000000000000e+00
1.000899315338677598e+00,9.845321522710729356e-01,1.000000000000000000e+00
9.678317849142628049e-01,9.076554546296298209e-01,1.000000000000000000e+00
1.036152963529946458e+00,1.079271324952456590e+00,1.000000000000000000e+00
9.282251041124462976e-01,1.094669825137339680e+00,1.000000000000000000e+00
9.930643556407143802e-01,9.989796052134509718e-01,1.000000000000000000e+00
1.041955971957429172e+00,1.052629680581102178e+00,1.000000000000000000e+00
1.039607947469190830e+00,1.013576887694280115e+00,1.000000000000000000e+00
9.661695079721168700e-01,1.065160191272518819e+00,1.000000000000000000e+00
1.009762875104976976e+00,8.806907851320718850e-01,1.000000000000000000e+00
1.074902595159451524e+00,9.909573028857703303e-01,1.000000000000000000e+00
9.947104952274090639e-01,1.017403195836882990e+00,1.000000000000000000e+00
1.046488428250465841e+00,1.090874174733821977e+00,1.000000000000000000e+00
1.030592417189162724e+00,9.677262533933606026e-01,1.000000000000000000e+00
9.614442324765559711e-01,9.858723229918734399e-01,1.000000000000000000e+00
1.094023673925214712e+00,8.856395792685979318e-01,1.000000000000000000e+00
1.024479326182680783e+00,1.002893923644283536e+00,1.000000000000000000e+00
9.948996789457049683e-01,9.263228184908547380e-01,1.000000000000000000e+00
9.644450631076229019e-01,1.020718872409202005e+00,1.000000000000000000e+00
9.705834575396249386e-01,1.020748551008647365e+00,1.000000000000000000e+00
1.060496062195134259e+00,1.048724262657349637e+00,1.000000000000000000e+00
1.035622541121172580e+00,9.773624900400558202e-01,1.000000000000000000e+00
9.928744965632635422e-01,1.121378821317111640e+00,1.000000000000000000e+00
1.021508362732644448e+00,1.107920067663566099e+00,1.000000000000000000e+00
1.038099836796226860e+00,9.539781158581575049e-01,1.000000000000000000e+00
9.981693058115429507e-01,9.841571632204828557e-01,1.000000000000000000e+00
1.093837088015477299e+00,9.599801948348836156e-01,1.000000000000000000e+00
1.044785853260564057e+00,9.030392862462884862e-01,1.000000000000000000e+00
9.964435704941575489e-01,1.002541409196560096e+00,1.000000000000000000e+00
1.032646476311146255e+00,1.037357402766126535e+00,1.000000000000000000e+00
1.083157999316862297e+00,1.086165253646799389e+00,1.000000000000000000e+00
1.069036856304455219e+00,9.834371142567882584e-01,1.000000000000000000e+00
9.695928112485161510e-01,9.195227113605453084e-01,1.000000000000000000e+00
9.951477575334487513e-01,1.039912573684581343e+00,1.000000000000000000e+00
9.630503838711721443e-01,9.988647315461357534e-01,1.000000000000000000e+00
1.032687493268949597e+00,1.003524743361285942e+00,1.000000000000000000e+00
9.741082342738288657e-01,1.016477567277976446e+00,1.000000000000000000e+00
1.022946203570181289e+00,9.954201589979004838e-01,1.000000000000000000e+00
9.639660456105100250e-01,1.059503938032687387e+00,1.000000000000000000e+00
9.553338500269907829e-01,9.776131193266346386e-01,1.000000000000000000e+00
1.030478503206144314e+00,1.063606278816522144e+00,1.000000000000000000e+00
9.983488521763247414e-01,1.021937535411185038e+00,1.000000000000000000e+00
1.044773385948041478e+00,9.824004279444829013e-01,1.000000000000000000e+00
1.010883666416985571e+00,9.904618234020173828e-01,1.000000000000000000e+00
1.030106558817402762e+00,1.097437195288057943e+00,1.000000000000000000e+00
9.482685763156956105e-01,1.017442341840214759e+00,1.000000000000000000e+00
9.749254557210418337e-01,9.414695165622918305e-01,1.000000000000000000e+00
1.030343429210001105e+00,9.732546663503821582e-01,1.000000000000000000e+00
1.052756962830663223e+00,1.059869415503038814e+00,1.000000000000000000e+00
1.043153311061228106e+00,9.557710252588109689e-01,1.000000000000000000e+00
1.009858288370961477e+00,8.805732032681273802e-01,1.000000000000000000e+00
9.506064127314209911e-01,9.924787763589516532e-01,1.000000000000000000e+00
9.100925260853226506e-01,1.008789883287363631e+00,1.000000000000000000e+00
9.712918907621943543e-01,9.994267731486163875e-01,1.000000000000000000e+00
9.768482654110981489e-01,1.078684791300289492e+00,1.000000000000000000e+00
1.045650515274413772e+00,9.691659562818887297e-01,1.000000000000000000e+00
9.373062036052683954e-01,9.269893362304920670e-01,1.000000000000000000e+00
9.891273911611594416e-01,9.400888977998224094e-01,1.000000000000000000e+00
9.884891410983563942e-01,1.033559869967082712e+00,1.000000000000000000e+00
1.061241196172106660e+00,1.076079218496522438e+00,1.000000000000000000e+00
1.076122049662746161e+00,9.903099267703530106e-01,1.000000000000000000e+00
9.742472944313027572e-01,1.022344974314548516e+00,1.000000000000000000e+00
1.004895383418292765e+00,9.765061542166219022e-01,1.000000000000000000e+00
1.054145321670492796e+00,1.078693157123531421e+00,1.000000000000000000e+00
9.726676205069605397e-01,9.777840794939821611e-01,1.000000000000000000e+00
9.449473536384640493e-01,9.720764604983876955e-01,1.000000000000000000e+00
1.017591293665577323e+00,9.546913622420151180e-01,1.000000000000000000e+00
1.020115978620126151e+00,1.070433061593292656e+00,1.000000000000000000e+00
9.310883497705375600e-01,9.229264901158747980e-01,1.000000000000000000e+00
9.636772542538778463e-01,1.051278619919389978e+00,1.000000000000000000e+00
1.042961844284362449e+00,9.825235775851863806e-01,1.000000000000000000e+00
1.024902800677152559e+00,1.085890169334692068e+00,1.000000000000000000e+00
1.005959867104069705e+00,9.851041584835313891e-01,1.000000000000000000e+00
1.001547833599590431e+00,1.000965156681287382e+00,1.000000000000000000e+00
1.041160695394411695e+00,1.023271065362459264e+00,1.000000000000000000e+00
1.065193146707274829e+00,9.926026533858715029e-01,1.000000000000000000e+00
9.456740314860839769e-01,9.580052202787375792e-01,1.000000000000000000e+00
1.025186198004189198e+00,1.026921138188888083e+00,1.000000000000000000e+00
1.027044039692903477e+00,1.019613867204527180e+00,1.000000000000000000e+00
9.378182712306710744e-01,1.061119772776842662e+00,1.000000000000000000e+00
1.040209588105059479e+00,1.033749617578554547e+00,1.000000000000000000e+00
9.709295825490095178e-01,9.797513919144170691e-01,1.000000000000000000e+00
9.467972211056342458e-01,8.949048769843566120e-01,1.000000000000000000e+00
1.100626186608253620e+00,9.734213034063367020e-01,1.000000000000000000e+00
1.091089749244074758e+00,1.007159495150121709e+00,1.000000000000000000e+00
1.008330765097862791e+00,9.413175831538549421e-01,1.000000000000000000e+00
1.100439751434023394e+00,9.750799442036308662e-01,1.000000000000000000e+00
1.034012664440142615e+00,9.384391708855407410e-01,1.000000000000000000e+00
9.483172022944010848e-01,9.724143901334538764e-01,1.000000000000000000e+00
8.920439052104067734e-01,9.822655388061389825e-01,1.000000000000000000e+00
9.871590562999636997e-01,9.457171955852252676e-01,1.000000000000000000e+00
9.925143935970163200e-01,9.555054802027034278e-01,1.000000000000000000e+00
9.947634217841258009e-01,9.655070765530106014e-01,1.000000000000000000e+00
9.775973423091485204e-01,1.065058928209561717e+00,1.000000000000000000e+00
9.287835644128753509e-01,1.052090256508376065e+00,1.000000000000000000e+00
9.507982517502266973e-01,1.013872618078093923e+00,1.000000000000000000e+00
1.003885321764576233e+00,9.842525075175855287e-01,1.000000000000000000e+00
9.933566461425585858e-01,9.391073199926487369e-01,1.000000000000000000e+00
8.735849255853718187e-01,9.986078596662310014e-01,1.000000000000000000e+00
1.001110466353905215e+00,9.911470886205974162e-01,1.000000000000000000e+00
1.039772578003042014e+00,9.739636978112323762e-01,1.000000000000000000e+00
1.098780041403191632e+00,9.502017738631143295e-01,1.000000000000000000e+00
1.027660674598233959e+00,9.538399520427244260e-01,1.000000000000000000e+00
9.374461429180001026e-01,9.279822614689251514e-01,1.000000000000000000e+00
9.696201415064127360e-01,1.016171505495756966e+00,1.000000000000000000e+00
9.930124196387912772e-01,1.011260824758317911e+00,1.000000000000000000e+00
1.001621865264351596e+00,9.868799050794634375e-01,1.000000000000000000e+00
1.033377002018074808e+00,1.041381229059458180e+00,1.000000000000000000e+00
2.659638116774666605e-02,9.967307497340511802e-01,0.000000000000000000e+00
-5.527603633417064316e-02,1.028469329818706868e+00,0.000000000000000000e+00
-3.204525456583242476e-02,1.039498893319774853e+00,0.000000000000000000e+00
-3.495414462616247553e-02,1.056331200423247463e+00,0.000000000000000000e+00
-4.371118869293517950e-02,9.968630397000262100e-01,0.000000000000000000e+00
-4.073313645733522836e-02,9.976803357286087026e-01,0.000000000000000000e+00
-6.438647501592002775e-02,1.009413755648827404e+00,0.000000000000000000e+00
8.066203148020142932e-02,8.761103537924732620e-01,0.000000000000000000e+00
2.840021348503156753e-02,9.668191962488965618e-01,0.000000000000000000e+00
2.227344924693970551e-02,9.985453773127943577e-01,0.000000000000000000e+00
-1.397909960211106764e-02,9.680693978194951921e-01,0.000000000000000000e+00
1.544698680067878305e-02,9.872440908801934922e-01,0.000000000000000000e+00
-4.335573737596196478e-03,9.372956904993321459e-01,0.000000000000000000e+00
5.950753147205778415e-02,1.049303243368504113e+00,0.000000000000000000e+00
8.693605340968581230e-02,9.631899526547601509e-01,0.000000000000000000e+00
3.532166163775551232e-02,9.486073445215937872e-01,0.000000000000000000e+00
3.369628592457508953e-02,9.664856963471284423e-01,0.000000000000000000e+00
2.923538956036358938e-02,9.655350767113938248e-01,0.000000000000000000e+00
-6.217915262100354168e-02,1.029101607579844258e+00,0.000000000000000000e+00
1.437649363369458179e-02,9.585755600811396437e-01,0.000000000000000000e+00
-5.681668488934758093e-02,9.685847273617848030e-01,0.000000000000000000e+00
1.271339660742331484e-02,9.942204377971241014e-01,0.000000000000000000e+00
-3.279284928277614170e-02,9.777833934592666809e-01,0.000000000000000000e+00
-3.053350598896686918e-02,9.563824882540450378e-01,0.000000000000000000e+00
-3.870738212674609130e-02,1.066029260670694256e+00,0.000000000000000000e+00
1.178930119640857754e-01,1.055373040968341725e+00,0.000000000000000000e+00
-3.766855064389919554e-03,9.935783121041160681e-01,0.000000000000000000e+00
3.978002974245871404e-02,9.291423015845425848e-01,0.000000000000000000e+00
2.360188167509514115e-02,9.449911219268176676e-01,0.000000000000000000e+00
-2.530797957974764353e-02,9.877992263989529009e-01,0.000000000000000000e+00
4.927807309105505101e-02,9.959423520172029365e-01,0.000000000000000000e+00
-1.581406674538712517e-02,9.837373960446140764e-01,0.000000000000000000e+00
4.170814430768166742e-02,9.255226427808439515e-01,0.000000000000000000e+00
5.989989920026025927e-02,1.039215899041520119e+00,0.000000000000000000e+00
5.897629967497857589e-02,9.668513701364302992e-01,0.000000000000000000e+00
-4.821291675930380882e-02,9.310261211143381344e-01,0.000000000000000000e+00
-4.461819074708106569e-02,1.036391901218535194e+00,0.000000000000000000e+00
-3.194406226850531744e-02,9.778621215443197290e-01,0.000000000000000000e+00
-6.151995023632336919e-03,9.877945242008298044e-01,0.000000000000000000e+00
3.700720056766759053e-02,1.074008796373172370e+00,0.000000000000000000e+00
-8.704754542947368279e-02,1.017929069711298151e+00,0.000000000000000000e+00
-5.186799497776327719e-03,1.040505633274376063e+00,0.000000000000000000e+00
-3.578415719837282905e-02,9.194674960670694563e-01,0.000000000000000000e+00
3.900605899422177059e-02,8.872086178527180955e-01,0.000000000000000000e+00
1.010082505333259190e-01,1.029724460080507109e+00,0.000000000000000000e+00
2.463149622558617746e-02,9.618734033865865563e-01,0.000000000000000000e+00
-4.983147444523951253e-02,1.073367971093011741e+00,0.000000000000000000e+00
1.925799991120191040e-02,1.034310200339392249e+00,0.000000000000000000e+00
4.518352912805872340e-02,1.004859939041659933e+00,0.000000000000000000e+00
3.742459786653897641e-02,1.101168236990608840e+00,0.000000000000000000e+00
-4.207269347275677945e-02,9.282780926773385177e-01,0.000000000000000000e+00
2.639973989777026631e-02,1.005973942214220651e+00,0.000000000000000000e+00
-9.170263440251044673e-02,9.945690799624271605e-01,0.000000000000000000e+00
-4.469116702645101191e-02,9.348567366967298620e-01,0.000000000000000000e+00
3.811537676064274266e-03,9.992229142035616851e-01,0.000000000000000000e+00
1.670197266508512829e-02,1.009327291790419467e+00,0.000000000000000000e+00
-6.769473035896088342e-02,9.819473761066328521e-01,0.000000000000000000e+00
5.573678963345680970e-02,9.779962576759613224e-01,0.000000000000000000e+00
-6.098628380666979744e-03,1.066619655489819740e+00,0.000000000000000000e+00
3.896606940365388017e-02,9.292834891811890818e-01,0.000000000000000000e+00
1.209453707517649072e-02,1.002774025810549308e+00,0.000000000000000000e+00
-6.360543381745547252e-03,1.008151494348518140e+00,0.000000000000000000e+00
-3.118530117325900644e-02,1.036901005155103750e+00,0.000000000000000000e+00
3.194534435712768211e-02,1.007433581210232409e+00,0.000000000000000000e+00
6.330986511442152770e-03,9.603378278310708005e-01,0.000000000000000000e+00
-1.132329489178909993e-01,9.718446371952795815e-01,0.000000000000000000e+00
4.844319661768133056e-02,9.787233171512768060e-01,0.000000000000000000e+00
-7.431994369419866152e-03,1.066544502869249511e+00,0.000000000000000000e+00
-5.771761321444984771e-02,9.947189757536745169e-01,0.000000000000000000e+00
7.218820041466613054e-03,9.589433047392047493e-01,0.000000000000000000e+00
6.228732508466821444e-02,1.029169496207082757e+00,0.000000000000000000e+00
-3.328612526347655282e-02,9.549202926583548745e-01,0.000000000000000000e+00
6.710418698599911191e-02,9.452016428799898673e-01,0.000000000000000000e+00
-7.896248596675126130e-02,1.018316115078868433e+00,0.000000000000000000e+00
4.503849008950369832e-03,1.033448551688024297e+00,0.000000000000000000e+00
-3.154061037022249520e-02,9.843439059832708171e-01,0.000000000000000000e+00
3.905749821613370421e-02,1.064781150695393919e+00,0.000000000000000000e+00
1.635161860442106707e-02,9.565010979281801662e-01,0.000000000000000000e+00
1.392690811230306025e-01,1.005455191248660229e+00,0.000000000000000000e+00
2.981571678097216793e-02,1.002486938200282340e+00,0.000000000000000000e+00
5.733822760017755205e-02,1.022489237979796517e+00,0.000000000000000000e+00
-6.238124610751544230e-02,9.493683954376577194e-01,0.000000000000000000e+00
-1.411901384881963407e-02,9.811918691582681706e-01,0.000000000000000000e+00
9.081195035927287773e-02,1.125077247991117524e+00,0.000000000000000000e+00
-1.415083785238174623e-02,9.698359223313494093e-01,0.000000000000000000e+00
3.696996330825207816e-02,1.028976242224154847e+00,0.000000000000000000e+00
-3.169200197203941166e-02,9.974776694863535242e-01,0.000000000000000000e+00
-5.272348723828438471e-02,9.877645114543064375e-01,0.000000000000000000e+00
-3.113467971043352295e-02,1.001203526024364354e+00,0.000000000000000000e+00
3.240329897187471664e-02,1.019326435716696455e+00,0.000000000000000000e+00
2.977501459771947356e-02,9.349993373730771662e-01,0.000000000000000000e+00
4.811809247328394101e-03,9.766856926171794129e-01,0.000000000000000000e+00
5.396169526596294314e-02,1.012212249307494760e+00,0.000000000000000000e+00
8.517243367262530840e-02,9.922874452628199782e-01,0.000000000000000000e+00
-5.123238391248376156e-02,9.431168748895791820e-01,0.000000000000000000e+00
5.705432692469563499e-02,9.731734232093401937e-01,0.000000000000000000e+00
-6.735482956503455187e-02,1.000448174094930920e+00,0.000000000000000000e+00
1.522885972318660242e-01,1.026395814643899618e+00,0.000000000000000000e+00
3.286202697367810854e-03,9.505247658358445539e-01,0.000000000000000000e+00
-4.832882785708973727e-02,9.799257678299525542e-01,0.000000000000000000e+00
4.999074208722498885e-02,1.013728628841199075e+00,0.000000000000000000e+00
3.191365060530241410e-02,1.032239366203744346e+00,0.000000000000000000e+00
6.061043333087719198e-03,1.082388703393832419e+00,0.000000000000000000e+00
2.056994408854920936e-02,9.588213685243714979e-01,0.000000000000000000e+00
8.835411691307007431e-02,9.251742844623037643e-01,0.000000000000000000e+00
6.985487077704177761e-02,1.042233780965137857e+00,0.000000000000000000e+00
5.841645191751967947e-03,9.871852300219836618e-01,0.000000000000000000e+00
4.011509498970427384e-02,9.383587571824186790e-01,0.000000000000000000e+00
7.175284615981289936e-03,9.911425426379678605e-01,0.000000000000000000e+00
-5.855972366189210118e-03,9.981890700021326390e-01,0.000000000000000000e+00
6.339638428295270300e-02,9.242455167844098041e-01,0.000000000000000000e+00
2.887152938063344918e-03,1.023041007367183619e+00,0.000000000000000000e+00
1.016273135739351706e-02,9.393236162094169561e-01,0.000000000000000000e+00
-9.337137195696261840e-03,9.738434084541479629e-01,0.000000000000000000e+00
5.720428642839858052e-02,9.641144658581364268e-01,0.000000000000000000e+00
3.658948537760504938e-02,9.884888841427610373e-01,0.000000000000000000e+00
-1.204754230707614782e-01,1.053178274563406625e+00,0.000000000000000000e+00
-1.039352212515916329e-04,1.026017093209595554e+00,0.000000000000000000e+00
7.386901993540144484e-02,1.060836409550666160e+00,0.000000000000000000e+00
-7.193146928445467991e-02,1.022928316693446416e+00,0.000000000000000000e+00
2.513633472479974776e-02,9.635536190990335870e-01,0.000000000000000000e+00
-4.711135343512484752e-02,9.989598110974271528e-01,0.000000000000000000e+00
-1.257867536601652014e-01,1.017735887771682890e+00,0.000000000000000000e+00
6.100464070532345823e-02,9.589234455061080853e-01,0.000000000000000000e+00
-2.128871037348011030e-02,9.770294257938910709e-01,0.000000000000000000e+00
8.137959843703746789e-04,9.444157914894216743e-01,0.000000000000000000e+00
-5.254771215742836017e-03,1.038802159044015294e+00,0.000000000000000000e+00
3.008125738887157397e-02,1.012888634201544624e+00,0.000000000000000000e+00
2.240413676367981194e-02,1.004308763087931489e+00,0.000000000000000000e+00
1.594008420391035755e-02,1.022490033060116765e+00,0.000000000000000000e+00
1.201293706645368067e-03,9.160664914303087158e-01,0.000000000000000000e+00
9.384603279247479002e-02,9.424005699525885849e-01,0.000000000000000000e+00
7.630020212154749876e-03,9.452712450304054936e-01,0.000000000000000000e+00
-3.716550889586297396e-02,1.096773060642775244e+00,0.000000000000000000e+00
-1.875689845137046632e-02,9.805565089491737885e-01,0.000000000000000000e+00
-6.273974682536359593e-02,9.798474905849168248e-01,0.000000000000000000e+00
-6.531837249703069392e-02,1.018942763436556653e+00,0.000000000000000000e+00
-4.458920398479114533e-02,1.045031938528690585e+00,0.000000000000000000e+00
9.394495227255874811e-03,9.467255440466912919e-01,0.000000000000000000e+00
-4.835960539308364892e-02,1.029286762142514799e+00,0.000000000000000000e+00
4.137203680786172288e-02,9.734847148651348814e-01,0.000000000000000000e+00
1.737632819805171036e-02,9.897448909450622390e-01,0.000000000000000000e+00
3.829886583869869521e-02,1.010662589113725529e+00,0.000000000000000000e+00
-1.662439340952982444e-02,1.053712566488462121e+00,0.000000000000000000e+00
-4.751875400445228909e-02,9.968006226600228947e-01,0.000000000000000000e+00
4.293323289140169030e-02,9.932754155633000126e-01,0.000000000000000000e+00
2.385395345579802845e-03,9.551872855630506587e-01,0.000000000000000000e+00
-1.889863347586292694e-02,9.587202670103169844e-01,0.000000000000000000e+00
2.346513137951293862e-02,1.023895005771594757e+00,0.000000000000000000e+00
-1.338673216973947132e-03,9.284933514539210897e-01,0.000000000000000000e+00
2.861494725074151951e-02,1.028970646786837140e+00,0.000000000000000000e+00
-1.057439797770805615e-02,9.979229080627141091e-01,0.000000000000000000e+00
1.269076128842161477e-01,1.008844520835859626e+00,0.000000000000000000e+00
-6.694099486066974747e-02,9.840323579984399105e-01,0.000000000000000000e+00
8.212865856919319973e-03,9.988279163606259559e-01,0.000000000000000000e+00
-1.987934621195735010e-02,1.054941856152051605e+00,0.000000000000000000e+00
8.160755542723047151e-02,9.720014313724754107e-01,0.000000000000000000e+00
1.066767756413359303e-01,9.922101895111916647e-01,0.000000000000000000e+00
9.170350977609594001e-02,1.004837065061197299e+00,0.000000000000000000e+00
7.705037628697413224e-03,1.072279841708831283e+00,0.000000000000000000e+00
9.122425300597066314e-03,1.090938061417940697e+00,0.000000000000000000e+00
6.406795695272875582e-03,9.251988524729574115e-01,0.000000000000000000e+00
-4.376878730035727028e-02,9.260030602005806522e-01,0.000000000000000000e+00
-2.388780305845283891e-02,9.828391658595014846e-01,0.000000000000000000e+00
-1.154785763010034161e-02,1.048789748607173999e+00,0.000000000000000000e+00
4.161633834529225584e-02,1.081883745130935326e+00,0.000000000000000000e+00
1.882375693752616486e-03,1.013383531838501828e+00,0.000000000000000000e+00
1.634139325744420404e-02,9.900595150619141416e-01,0.000000000000000000e+00
-5.420691679395002460e-02,1.152006824755452019e+00,0.000000000000000000e+00
-9.785866397486824020e-02,9.086972601488875201e-01,0.000000000000000000e+00
-6.340176015301268730e-02,9.299866455177826507e-01,0.000000000000000000e+00
3.734096903821392671e-02,1.041653950799203754e+00,0.000000000000000000e+00
5.357079548612544984e-02,9.921680252996910587e-01,0.000000000000000000e+00
4.788088254428911339e-02,1.043487261915861941e+00,0.000000000000000000e+00
4.530543884737045501e-02,9.122915322578227793e-01,0.000000000000000000e+00
-7.421697507592465992e-02,9.941407256304130025e-01,0.000000000000000000e+00
-1.504618138468093516e-02,1.094736809140289369e+00,0.000000000000000000e+00
1.559735118861074223e-03,1.048302544184611662e+00,0.000000000000000000e+00
6.033133101769070500e-02,9.121212087581410666e-01,0.000000000000000000e+00
-3.538610239311130307e-02,1.004286265608811402e+00,0.000000000000000000e+00
-7.048182008937674270e-02,9.592681701668399619e-01,0.000000000000000000e+00
2.205494338127946333e-02,1.004388842560570039e+00,0.000000000000000000e+00
-1.084878164332642031e-01,1.036235315149304226e+00,0.000000000000000000e+00
7.534596433183864822e-03,1.018635238053261505e+00,0.000000000000000000e+00
2.796134435218816314e-02,9.880377069711597793e-01,0.000000000000000000e+00
-2.649835679576970082e-02,9.885103250898600313e-01,0.000000000000000000e+00
-4.558211372673309086e-02,9.912249073443862857e-01,0.000000000000000000e+00
1.038252398964562007e-01,1.085331577252991009e+00,0.000000000000000000e+00
4.177126828459201691e-02,1.011430473314046008e+00,0.000000000000000000e+00
1.081090060073119918e-02,1.002400164078568023e+00,0.000000000000000000e+00
4.620565239391549728e-02,9.587434250872725050e-01,0.000000000000000000e+00
7.012402527255250095e-02,1.077693655909069514e+00,0.000000000000000000e+00
5.777359432826090213e-02,1.036686728393425128e+00,0.000000000000000000e+00
2.153939369739458695e-02,1.051979942524901013e+00,0.000000000000000000e+00
2.537935112285128608e-02,9.488485054290228815e-01,0.000000000000000000e+00
-9.788150931816176625e-02,9.960982184485941415e-01,0.000000000000000000e+00
-2.252985996630170636e-03,1.012103104336032011e+00,0.000000000000000000e+00
-3.228354326776036731e-02,9.295533610373067912e-01,0.000000000000000000e+00
-3.034305021415784759e-02,9.618166203763379718e-01,0.000000000000000000e+00
-1.394885702007551964e-02,1.039246857383904210e+00,0.000000000000000000e+00
9.387271594644961414e-01,1.584400271588128767e-02,0.000000000000000000e+00
1.052214120053916790e+00,7.671285422784792328e-03,0.000000000000000000e+00
1.010654182282828328e+00,-4.708441810966317032e-02,0.000000000000000000e+00
9.273696015033077167e-01,-3.107054441285033233e-02,0.000000000000000000e+00
1.020244024215015477e+00,-2.985950756182055577e-02,0.000000000000000000e+00
1.033577488744079176e+00,4.709748421653352918e-02,0.000000000000000000e+00
1.055417313205217589e+00,-2.783116031460154682e-02,0.000000000000000000e+00
1.016199759198931796e+00,4.542175041548678072e-02,0.000000000000000000e+00
1.029356972324024788e+00,-3.426274316348262156e-02,0.000000000000000000e+00
9.651191777055848631e-01,-2.904967188703644343e-02,0.000000000000000000e+00
9.550981555435702486e-01,2.429520230894758118e-02,0.000000000000000000e+00
9.814194572640272396e-01,-3.679455986687982239e-02,0.000000000000000000e+00
9.423071925648359715e-01,-2.604866492974204986e-02,0.000000000000000000e+00
1.042147479873907878e+00,-5.229729158855364601e-02,0.000000000000000000e+00
1.014470469630964766e+00,5.983024243049225865e-02,0.000000000000000000e+00
1.007639650267239340e+00,1.960213635326254339e-02,0.000000000000000000e+00
9.883430074280107336e-01,-3.423653359624496267e-02,0.000000000000000000e+00
8.892301379402159922e-01,2.525252335620722585e-02,0.000000000000000000e+00
9.491997932037599117e-01,-2.062243655915859536e-02,0.000000000000000000e+00
9.937131744211686879e-01,1.556877676526752068e-02,0.000000000000000000e+00
9.783053353639613592e-01,3.622699031418032817e-02,0.000000000000000000e+00
1.029645419918105764e+00,2.580215778992717146e-02,0.000000000000000000e+00
1.071526049011111592e+00,-6.797938638602755990e-02,0.000000000000000000e+00
1.054446927805939183e+00,-7.298460286211017230e-04,0.000000000000000000e+00
9.877206765061072868e-01,-1.522739069588277018e-02,0.000000000000000000e+00
9.459760813529555223e-01,3.384223294365445306e-02,0.000000000000000000e+00
1.059229337675730021e+00,4.569857694983084362e-02,0.000000000000000000e+00
1.010564254043554877e+00,-5.934795341920306999e-02,0.000000000000000000e+00
1.010980963290621482e+00,-5.372107374223420578e-02,0.000000000000000000e+00
1.038521836151216515e+00,-7.448042658762792090e-02,0.000000000000000000e+00
9.957709330145754212e-01,-7.634678064780431317e-02,0.000000000000000000e+00
1.046424081212548485e+00,9.119907640996009757e-03,0.000000000000000000e+00
1.033855402164052251e+00,-3.303307640230548209e-02,0.000000000000000000e+00
9.501566050331158308e-01,3.346329447379586125e-02,0.000000000000000000e+00
1.023540367242952387e+00,5.618846621984514844e-02,0.000000000000000000e+00
1.068003959939567427e+00,-3.927084581107505995e-02,0.000000000000000000e+00
1.002589977769041463e+00,-3.711885163346455296e-02,0.000000000000000000e+00
9.394161694158404963e-01,7.267350039962217068e-02,0.000000000000000000e+00
1.047915698850262478e+00,6.892518806369994644e-02,0.000000000000000000e+00
9.583738485561082987e-01,6.305096396516073065e-02,0.000000000000000000e+00
9.291376480928239534e-01,-3.227195446343702340e-02,0.000000000000000000e+00
9.712237910389301954e-01,2.734887570111381450e-02,0.000000000000000000e+00
9.222437706028492332e-01,-1.319301248164194557e-02,0.000000000000000000e+00
9.989997184767205329e-01,2.196917012876813818e-02,0.000000000000000000e+00
9.651490082959084393e-01,1.029197869748520039e-01,0.000000000000000000e+00
9.694108423248649631e-01,-3.755746209592090296e-02,0.000000000000000000e+00
9.944454808457391382e-01,-3.528613261884738089e-02,0.000000000000000000e+00
1.004088209329685011e+00,2.620171254437364539e-02,0.000000000000000000e+00
1.044349835273230109e+00,-9.438573476591584355e-02,0.000000000000000000e+00
1.021810357086205601e+00,-1.238904431776089998e-01,0.000000000000000000e+00
1.050309125000372434e+00,3.683005478564438384e-02,0.000000000000000000e+00
1.000022628040148742e+00,5.167274696149385532e-02,0.000000000000000000e+00
1.003553499179995701e+00,7.029230778124270773e-02,0.000000000000000000e+00
1.067637050635697582e+00,7.794517325877642344e-02,0.000000000000000000e+00
9.806349124842914655e-01,-1.155706538609925157e-02,0.000000000000000000e+00
1.080516619200789341e+00,2.027399699143450293e-02,0.000000000000000000e+00
1.064724224739450609e+00,-7.603352933962245763e-02,0.000000000000000000e+00
9.001289458763349627e-01,-7.913077238017237128e-03,0.000000000000000000e+00
1.006492364788533322e+00,-1.845126477708190424e-02,0.000000000000000000e+00
1.088546233674796415e+00,-5.191894238347775220e-02,0.000000000000000000e+00
9.099803673947061133e-01,-6.138559638443071660e-04,0.000000000000000000e+00
1.010506634662492909e+00,5.184698847362517043e-02,0.000000000000000000e+00
1.017094499129649110e+00,-3.843416713151981412e-02,0.000000000000000000e+00
1.007538908237407771e+00,7.358760294670244062e-02,0.000000000000000000e+00
1.084795115073856175e+00,4.996355923040904194e-03,0.000000000000000000e+00
9.937544894130804218e-01,-6.226136678389245990e-03,0.000000000000000000e+00
9.788211201371218584e-01,4.550534407205499531e-03,0.000000000000000000e+00
1.002290373901608245e+00,2.400837100490364751e-02,0.000000000000000000e+00
9.936493137175381740e-01,-7.792803530692822556e-02,0.000000000000000000e+00
9.723267554952093050e-01,-7.318195667370286372e-02,0.000000000000000000e+00
9.767004169531177116e-01,-4.179671600670650800e-02,0.000000000000000000e+00
1.111144295653688774e+00,4.799772923825088716e-02,0.000000000000000000e+00
1.046619632630934715e+00,-7.037024018182772012e-02,0.000000000000000000e+00
1.063291661418371614e+00,2.511388321698544007e-02,0.000000000000000000e+00
9.804891075160043767e-01,-5.851351391313439759e-02,0.000000000000000000e+00
1.038813114778781133e+00,2.884498644681957741e-02,0.000000000000000000e+00
9.993586292805760607e-01,2.719768360322498413e-02,0.000000000000000000e+00
1.031886113335119370e+00,1.354692974204326156e-04,0.000000000000000000e+00
9.422183940646253753e-01,-6.647289298161951528e-03,0.000000000000000000e+00
9.771672259049406506e-01,1.013127725488185797e-02,0.000000000000000000e+00
9.965487085125570577e-01,5.627059029813115398e-02,0.000000000000000000e+00
9.786513091552950794e-01,-8.693661445814666530e-03,0.000000000000000000e+00
9.640316477256132277e-01,1.458411615504122127e-01,0.000000000000000000e+00
9.350382693215762986e-01,5.002513210007187953e-03,0.000000000000000000e+00
9.759469289712784379e-01,4.131565066166117961e-02,0.000000000000000000e+00
9.837143504301436581e-01,3.729633467428340385e-03,0.000000000000000000e+00
1.094931361511998658e+00,5.436852658442044295e-02,0.000000000000000000e+00
9.491107240121526845e-01,-6.839642957366500256e-03,0.000000000000000000e+00
9.373747634015352492e-01,9.610313395371684886e-02,0.000000000000000000e+00
8.951690073217044574e-01,4.962685346286622307e-03,0.000000000000000000e+00
9.832993831861216449e-01,-1.901643923463617464e-02,0.000000000000000000e+00
1.020473226816862367e+00,-8.104699255302980077e-03,0.000000000000000000e+00
1.025924421814486731e+00,-2.613538206740638817e-02,0.000000000000000000e+00
9.942194430240316461e-01,2.036444399883005976e-02,0.000000000000000000e+00
1.012608628000378319e+00,-2.215749516884024661e-02,0.000000000000000000e+00
9.720855757453574775e-01,7.284457060128273279e-03,0.000000000000000000e+00
1.036251427630598076e+00,-3.072445375226647013e-02,0.000000000000000000e+00
1.094499132302585664e+00,1.292189131805731965e-02,0.000000000000000000e+00
1.016290420262228489e+00,4.373188222725712948e-02,0.000000000000000000e+00
9.839279059362672220e-01,-8.205871451765195390e-02,0.000000000000000000e+00
9.557271907319068172e-01,3.410730135908903587e-02,0.000000000000000000e+00
9.116552367357870779e-01,3.664620616432777422e-02,0.000000000000000000e+00
9.024401961024369756e-01,1.317641076740027999e-02,0.000000000000000000e+00
9.631175424866202928e-01,1.197285493310409378e-02,0.000000000000000000e+00
1.025342485477810373e+00,2.265693180475201324e-02,0.000000000000000000e+00
9.703993473300243089e-01,-5.987639908165790642e-02,0.000000000000000000e+00
9.035608621322396283e-01,4.671166238651658364e-02,0.000000000000000000e+00
1.012753420276051530e+00,3.680958051296359668e-02,0.000000000000000000e+00
1.099999377343541918e+00,-2.440521064280640456e-03,0.000000000000000000e+00
1.002960353582297515e+00,4.144833295467654360e-02,0.000000000000000000e+00
9.998191966420282295e-01,-4.344911075279199453e-02,0.000000000000000000e+00
9.612666833136975786e-01,-6.993032313413660717e-02,0.000000000000000000e+00
9.806920633863612791e-01,3.190251004731371048e-02,0.000000000000000000e+00
9.882916071514693535e-01,-1.913531466076738227e-02,0.000000000000000000e+00
1.033178315149652304e+00,7.723421832686851174e-03,0.000000000000000000e+00
1.009198564806266685e+00,-6.849224178302917854e-02,0.000000000000000000e+00
8.968296233327828215e-01,5.850741840715600883e-02,0.000000000000000000e+00
9.719168768888361010e-01,-7.992453437804500349e-02,0.000000000000000000e+00
1.028681363568903384e+00,1.371161029657678165e-01,0.000000000000000000e+00
1.044937519649269619e+00,-1.781778214954844383e-02,0.000000000000000000e+00
9.840850971221387633e-01,-1.792635651524547916e-02,0.000000000000000000e+00
1.020083606029767553e+00,-4.718327213830804325e-04,0.000000000000000000e+00
1.037004374793424777e+00,4.089075878774131763e-03,0.000000000000000000e+00
1.033974418177325383e+00,1.075526117241357993e-01,0.000000000000000000e+00
9.433165550059919857e-01,5.430112072827946584e-02,0.000000000000000000e+00
9.785757302245753353e-01,-6.354374300034228151e-02,0.000000000000000000e+00
9.909679243922434599e-01,5.119433315991388928e-03,0.000000000000000000e+00
1.030661394778338735e+00,1.640330034457996092e-02,0.000000000000000000e+00
1.006607400282050424e+00,4.933698166524049140e-03,0.000000000000000000e+00
1.091821812176563489e+00,-2.828975981624553063e-02,0.000000000000000000e+00
1.040404610710704336e+00,-7.129216725702104684e-02,0.000000000000000000e+00
9.615397812531079058e-01,-9.376039941620628593e-02,0.000000000000000000e+00
9.280224936787083712e-01,-8.037709302852880100e-02,0.000000000000000000e+00
9.155819932662477845e-01,-3.593537146707746766e-02,0.000000000000000000e+00
9.615800676927741542e-01,-2.343056585650117596e-02,0.000000000000000000e+00
1.029626619865840143e+00,4.862519112438740132e-02,0.000000000000000000e+00
9.244079629306909407e-01,2.074171577120863252e-02,0.000000000000000000e+00
1.040620163670767928e+00,9.779437495032045069e-02,0.000000000000000000e+00
1.032379341276950413e+00,1.764508326628246374e-02,0.000000000000000000e+00
9.986263462812638991e-01,-6.456179261597173001e-03,0.000000000000000000e+00
1.028490456456427671e+00,-2.291797210234053708e-02,0.000000000000000000e+00
9.271206479203177864e-01,-3.935035503887599102e-03,0.000000000000000000e+00
1.026215163717363987e+00,1.719607122850510747e-02,0.000000000000000000e+00
1.059554786520766845e+00,2.827760006223755188e-02,0.000000000000000000e+00
9.293604359826062034e-01,6.036380062679097547e-02,0.000000000000000000e+00
1.036235069677997389e+00,4.309657880035961362e-03,0.000000000000000000e+00
1.027475665401238913e+00,3.323059957322973407e-02,0.000000000000000000e+00
9.333739114331072173e-01,2.670648199452079971e-02,0.000000000000000000e+00
9.828327736416859750e-01,5.016883469395536782e-02,0.000000000000000000e+00
9.747611598066229233e-01,4.212727474601182104e-02,0.000000000000000000e+00
1.057657199191638142e+00,-9.254989818761510945e-02,0.000000000000000000e+00
1.035476432619038656e+00,-1.285707141717562507e-02,0.000000000000000000e+00
1.110376815052435573e+00,-8.370081080106571425e-02,0.000000000000000000e+00
9.225623147157735460e-01,1.816984013180208968e-02,0.000000000000000000e+00
1.053185626400453323e+00,-5.944024464061647972e-02,0.000000000000000000e+00
1.015648754577634705e+00,-7.475580248094323976e-02,0.000000000000000000e+00
9.866503751832387259e-01,2.980377462284440962e-02,0.000000000000000000e+00
1.004375058063811332e+00,-3.912054160153554359e-03,0.000000000000000000e+00
9.738409736521285165e-01,-9.273572671361746903e-04,0.000000000000000000e+00
1.038931363506967465e+00,5.047037225773146757e-02,0.000000000000000000e+00
9.217177279039482363e-01,-9.516162359174238847e-03,0.000000000000000000e+00
1.033508440253012806e+00,3.392241132517546248e-02,0.000000000000000000e+00
9.434819721759432065e-01,3.066640187252394137e-02,0.000000000000000000e+00
9.686810578387899939e-01,2.078294426363670993e-03,0.000000000000000000e+00
1.128219978250418309e+00,7.435490231844942011e-02,0.000000000000000000e+00
1.050290430652315310e+00,3.963278962343561029e-02,0.000000000000000000e+00
9.963771271716275191e-01,-2.167560656967401980e-02,0.000000000000000000e+00
1.020313366546186984e+00,9.141601984059905678e-03,0.000000000000000000e+00
1.141786153757326172e+00,-1.774017654357445614e-02,0.000000000000000000e+00
1.045351550195867452e+00,-2.899082513405930664e-02,0.000000000000000000e+00
1.023708941294277475e+00,1.165073778206215938e-02,0.000000000000000000e+00
1.016212411664253468e+00,-7.770067801067173825e-03,0.000000000000000000e+00
1.049544728285764839e+00,-1.208711272489778610e-01,0.000000000000000000e+00
1.028700771849139661e+00,-7.870327130524056025e-02,0.000000000000000000e+00
9.924040641624373160e-01,7.789774275649874631e-03,0.000000000000000000e+00
1.005331285344114756e+00,-1.200846066443116422e-01,0.000000000000000000e+00
9.868943753382531936e-01,-1.191849673333480325e-01,0.000000000000000000e+00
9.452597240405764545e-01,-5.732223111912640445e-02,0.000000000000000000e+00
9.809856884810863598e-01,-2.623061364645014586e-03,0.000000000000000000e+00
9.666216230042183888e-01,-3.438843560633404045e-02,0.000000000000000000e+00
1.036269431855804335e+00,9.921114127105387648e-02,0.000000000000000000e+00
1.075577244137324140e+00,-3.154590911594968433e-02,0.000000000000000000e+00
1.034809064741309959e+00,8.326991503293827354e-03,0.000000000000000000e+00
9.711418831523017658e-01,-6.232220547010920708e-02,0.000000000000000000e+00
9.773287934026969603e-01,3.358007723727039068e-02,0.000000000000000000e+00
1.022481214778306224e+00,2.476802314397757998e-02,0.000000000000000000e+00
9.823514500823032902e-01,4.844116223242285468e-02,0.000000000000000000e+00
1.015309921981882191e+00,3.582234600654513046e-02,0.000000000000000000e+00
9.961850783424699429e-01,1.700000653105169721e-02,0.000000000000000000e+00
9.801699221239764670e-01,2.609046027990877953e-02,0.000000000000000000e+00
1.004690503505826671e+00,-3.831686289005380858e-02,0.000000000000000000e+00
1.015372493438454926e+00,1.003506132091290005e-02,0.000000000000000000e+00
1.087864412113943136e+00,-7.216337586823616534e-02,0.000000000000000000e+00
9.403778101763569097e-01,-5.809313527270507788e-02,0.000000000000000000e+00
1.046919793431780876e+00,-1.080187343722458088e-01,0.000000000000000000e+00
1.007229412494713872e+00,-3.745810046202214388e-02,0.000000000000000000e+00
9.672067901839211945e-01,1.904301257710298151e-02,0.000000000000000000e+00
9.204442511865292831e-01,-1.892784998763188259e-02,0.000000000000000000e+00
1.107268617739143757e+00,-7.380506654311737302e-02,0.000000000000000000e+00
9.279448311714399988e-01,-3.551448391770031104e-02,0.000000000000000000e+00
-4.024170761101237420e-02,3.044665543362296001e-02,0.000000000000000000e+00
1.027718533692033309e-02,7.232076062673863538e-04,0.000000000000000000e+00
-3.121112143077258219e-02,3.570977251961718335e-02,0.000000000000000000e+00
9.237092768726425096e-03,-1.481817467264836055e-02,0.000000000000000000e+00
-7.465888247061293684e-03,-2.128350537950726273e-03,0.000000000000000000e+00
-7.322353636682929490e-02,4.924465938973843215e-02,0.000000000000000000e+00
-1.686781504460489398e-02,5.143522377238139015e-02,0.000000000000000000e+00
8.214395169961807852e-02,-3.601229102027331264e-02,0.000000000000000000e+00
8.393554413555043628e-03,5.537159910903534377e-02,0.000000000000000000e+00
3.278352654384904946e-02,1.003261154345189698e-01,0.000000000000000000e+00
-9.960226407523009584e-02,1.005259951130567653e-01,0.000000000000000000e+00
-5.862113486550132868e-02,2.066327260164566373e-02,0.000000000000000000e+00
1.133473235341754259e-01,1.472025325242213439e-02,0.000000000000000000e+00
1.972157078093383920e-02,-9.568543825139769546e-03,0.000000000000000000e+00
-2.062665614935142288e-03,2.048487281756344869e-02,0.000000000000000000e+00
-4.972550193119350259e-02,-1.364844220911569199e-02,0.000000000000000000e+00
3.536970235019743641e-02,8.274706117198092625e-02,0.000000000000000000e+00
7.831420673721488368e-02,3.100146484330565388e-02,0.000000000000000000e+00
-5.566374434736048871e-02,1.125599341271918581e-02,0.000000000000000000e+00
3.405973766357618671e-02,1.746977942870014608e-02,0.000000000000000000e+00
2.831289636443826141e-02,2.489468396053491975e-02,0.000000000000000000e+00
-1.484382027542925468e-02,3.665168444212893450e-02,0.000000000000000000e+00
5.862793397697007441e-02,1.608480759829632872e-02,0.000000000000000000e+00
-1.033406662941589033e-01,-9.395899616081268557e-02,0.000000000000000000e+00
-4.962820411884713567e-02,8.251885390332602821e-02,0.000000000000000000e+00
-4.751677174286505524e-03,7.988268288002422016e-03,0.000000000000000000e+00
-1.826501115318494893e-03,3.371725171163666990e-02,0.000000000000000000e+00
-1.536611733774181227e-02,-3.125801131564269475e-02,0.000000000000000000e+00
1.934687831581566320e-02,4.261973778707967703e-02,0.000000000000000000e+00
4.281148031978767449e-02,2.257155108337936811e-02,0.000000000000000000e+00
1.060420099086918366e-01,-4.353133261173527946e-02,0.000000000000000000e+00
1.668810584085997709e-02,3.507105642547633101e-03,0.000000000000000000e+00
-7.444164200820772848e-02,-1.175927118098605423e-02,0.000000000000000000e+00
-2.340411388539933440e-02,3.373641056273724015e-02,0.000000000000000000e+00
3.897384697246280422e-02,-6.374549462517857534e-02,0.000000000000000000e+00
2.186879521171948212e-02,4.735959272892245608e-02,0.000000000000000000e+00
3.294854729328259516e-03,8.084209165393955662e-03,0.000000000000000000e+00
8.083379201681889503e-02,-2.834293265732075462e-02,0.000000000000000000e+00
3.173321295851286999e-02,2.634059862792934720e-02,0.000000000000000000e+00
-1.181698626558784319e-02,8.738915429532426865e-03,0.000000000000000000e+00
-1.172849615156465637e-02,1.189330264893253587e-02,0.000000000000000000e+00
-6.424910253497739809e-02,-8.303315498904835501e-02,0.000000000000000000e+00
-5.573013285866124100e-02,1.290018892460644863e-02,0.000000000000000000e+00
3.521762779530348414e-02,1.639377355399804226e-02,0.000000000000000000e+00
-3.325257726298237997e-03,5.546593600420282599e-02,0.000000000000000000e+00
5.389449376480947435e-02,-5.078762139565921180e-02,0.000000000000000000e+00
6.632929333811252159e-03,-5.659087716088513631e-02,0.000000000000000000e+00
4.450738175752645687e-02,-6.970259218711308269e-02,0.000000000000000000e+00
-2.818265797394010116e-03,5.754847803680393503e-02,0.000000000000000000e+00
-7.136312579710629711e-02,-2.088888173165806550e-02,0.000000000000000000e+00
7.746851553707798099e-02,4.823856592591897058e-02,0.000000000000000000e+00
2.050045026329429254e-02,-3.801346188821874000e-02,0.000000000000000000e+00
-9.008235827457326816e-02,1.790870216164570580e-02,0.000000000000000000e+00
3.934196563032470867e-02,-1.536917429204129543e-03,0.000000000000000000e+00
2.945339878978166584e-02,6.525789543770539602e-02,0.000000000000000000e+00
-1.006835183215967489e-01,4.332097927112681796e-02,0.000000000000000000e+00
4.248609206912049713e-02,4.072906781533598003e-02,0.000000000000000000e+00
-1.586460553827589298e-02,-5.399972308557370038e-03,0.000000000000000000e+00
-4.320021251563066662e-03,-2.706789050456752388e-02,0.000000000000000000e+00
-5.673492793640600752e-03,-9.023732192490122039e-02,0.000000000000000000e+00
5.644535818600603799e-02,-1.109910345210650059e-02,0.000000000000000000e+00
5.206511011686827672e-02,2.642160064666460029e-02,0.000000000000000000e+00
-1.972474587654662881e-02,1.021430751606066355e-02,0.000000000000000000e+00
-2.173818168390177427e-02,-3.282756692586353674e-03,0.000000000000000000e+00
7.218169416700861984e-02,3.668314277959757591e-02,0.000000000000000000e+00
-5.996824887311080071e-02,-4.361863694975114114e-02,0.000000000000000000e+00
-5.939313566219265803e-03,-1.238250167776098060e-01,0.000000000000000000e+00
7.679468826271143578e-02,6.879264438378480950e-02,0.000000000000000000e+00
1.432534999169057625e-02,2.975001814020513877e-02,0.000000000000000000e+00
8.324396781288712077e-02,6.100921196835036586e-03,0.000000000000000000e+00
-3.958134890045875848e-03,5.205576549043514079e-02,0.000000000000000000e+00
6.856857114155334720e-02,-1.111804067633203469e-02,0.000000000000000000e+00
7.362303675008030623e-02,-4.061652876778724247e-02,0.000000000000000000e+00
4.695124141015563635e-02,-9.752036903139170432e-02,0.000000000000000000e+00
-1.004517893773124344e-02,1.638583892963920569e-03,0.000000000000000000e+00
3.861591249820539584e-02,-6.416170488250171056e-02,0.000000000000000000e+00
-1.148170851126115687e-02,-2.658369712283237263e-02,0.000000000000000000e+00
4.138806137476125357e-02,6.997039740560893895e-02,0.000000000000000000e+00
1.899465250335383854e-02,-1.501673625705477258e-02,0.000000000000000000e+00
3.126373991899219357e-02,4.146736695229293057e-02,0.000000000000000000e+00
-5.542614344281109225e-03,-2.887104296507511311e-02,0.000000000000000000e+00
-1.114554372624886880e-01,-1.449339030387726025e-02,0.000000000000000000e+00
-2.628763152078240906e-02,3.439342908935528326e-02,0.000000000000000000e+00
-4.010078303871009858e-02,-3.496443979905570348e-02,0.000000000000000000e+00
3.906129063689339764e-02,2.171426979037837171e-02,0.000000000000000000e+00
-2.168466951276029619e-02,-2.678861537956796213e-02,0.000000000000000000e+00
-3.094456070056425534e-02,-2.558159294806873485e-02,0.000000000000000000e+00
4.414210212805249993e-03,-6.980437554150811102e-03,0.000000000000000000e+00
-2.814504548524015062e-02,5.020458087957005433e-02,0.000000000000000000e+00
4.529033827352055286e-02,-2.230196504389976228e-02,0.000000000000000000e+00
-1.048149817337028526e-03,-9.563508457267549945e-02,0.000000000000000000e+00
3.973311479609248353e-02,-3.641409088688966900e-02,0.000000000000000000e+00
1.004676278400582767e-01,-5.392714257847165335e-03,0.000000000000000000e+00
-7.516489906717310765e-02,3.882676767289550829e-02,0.000000000000000000e+00
-2.347594104578810612e-02,-9.153119652639724046e-02,0.000000000000000000e+00
-1.662463827768129523e-02,9.358241393429567179e-02,0.000000000000000000e+00
-6.248662886206044625e-02,1.196819955449823216e-03,0.000000000000000000e+00
-1.587458693796106948e-02,3.451234399851951101e-02,0.000000000000000000e+00
-9.642650038975256188e-02,5.711531262209337302e-03,0.000000000000000000e+00
1.082862288603912843e-01,2.728793493356135996e-02,0.000000000000000000e+00
-8.056036330045195093e-02,-1.731369464704344066e-02,0.000000000000000000e+00
-3.441654011489699710e-02,-3.823281062993641455e-02,0.000000000000000000e+00
-8.183992527679793266e-03,2.504591853051961470e-02,0.000000000000000000e+00
3.825643359414231809e-02,1.048135479695607719e-01,0.000000000000000000e+00
1.987597595977827827e-02,8.835367550027698955e-03,0.000000000000000000e+00
-2.309897388864579765e-02,3.138558399875438637e-02,0.000000000000000000e+00
3.414402699087733251e-02,-8.722995259242171881e-03,0.000000000000000000e+00
-6.237267413855121512e-02,3.341097905741564900e-02,0.000000000000000000e+00
-1.285994327973039586e-01,-8.363924734509610437e-02,0.000000000000000000e+00
-5.846739024121860862e-02,3.610526758652710805e-02,0.000000000000000000e+00
2.932874135623938019e-02,-1.828858985746763949e-02,0.000000000000000000e+00
6.053670162520841114e-02,-1.021709622969166039e-03,0.000000000000000000e+00
-1.509312781255012052e-02,1.169219204596488870e-02,0.000000000000000000e+00
2.007579695625448524e-02,5.676599462152923797e-02,0.000000000000000000e+00
-2.938123147490127873e-02,-3.410282222377908345e-02,0.000000000000000000e+00
4.228369581438969765e-02,1.551978108078326361e-02,0.000000000000000000e+00
2.319745981191796702e-02,6.682522370468717277e-02,0.000000000000000000e+00
-2.133465261382802569e-02,1.354041677827120052e-02,0.000000000000000000e+00
-4.919357645211160784e-02,-2.257269467971578791e-02,0.000000000000000000e+00
-3.774096309021311366e-03,4.467095670476239899e-02,0.000000000000000000e+00
2.682350171252372018e-02,2.648497312690098124e-02,0.000000000000000000e+00
-8.087780170349283260e-02,-2.079836578472418415e-02,0.000000000000000000e+00
-2.450384156697703666e-02,1.223663952154736417e-01,0.000000000000000000e+00
3.161996574771201718e-02,-5.444536050849788783e-02,0.000000000000000000e+00
-1.619372453825597066e-02,-1.104393600010002835e-02,0.000000000000000000e+00
1.269226629829926789e-02,-3.782467808582450769e-02,0.000000000000000000e+00
-7.129699130237723836e-02,-1.140565722110459951e-02,0.000000000000000000e+00
1.215341680290616365e-02,-2.482011891109014989e-02,0.000000000000000000e+00
-5.666472676054079560e-02,3.317048652729563674e-02,0.000000000000000000e+00
-7.398126172692380542e-02,1.600247287969218737e-02,0.000000000000000000e+00
-4.377954721291471563e-02,1.075133922145676824e-02,0.000000000000000000e+00
9.781136510895720865e-03,7.588295576145670518e-02,0.000000000000000000e+00
2.391442114076980027e-02,-5.120427052117702132e-02,0.000000000000000000e+00
2.625123360558410252e-02,-3.152663722986103162e-04,0.000000000000000000e+00
1.026872503551873317e-01,6.915932966797200265e-02,0.000000000000000000e+00
6.731185475558557063e-02,-3.870284315028583305e-02,0.000000000000000000e+00
-4.074728272577977928e-02,-5.633444175166547885e-02,0.000000000000000000e+00
3.704679471583645356e-02,-2.863129739173031138e-02,0.000000000000000000e+00
8.368022022236515367e-02,-1.314459776185943757e-02,0.000000000000000000e+00
-2.220770625090381575e-02,6.681452349730325480e-02,0.000000000000000000e+00
6.213579934677034011e-03,2.393959500378810973e-02,0.000000000000000000e+00
4.126408275761370148e-02,5.421566461989575647e-02,0.000000000000000000e+00
2.041970344644708849e-02,-7.465061507335572777e-02,0.000000000000000000e+00
1.090811929310844461e-02,1.909639355305431385e-02,0.000000000000000000e+00
1.721759244485425834e-03,2.163223633491261413e-02,0.000000000000000000e+00
-2.565857425895651592e-03,-2.590868242773495395e-02,0.000000000000000000e+00
6.759079065589433666e-02,5.707540747700301509e-02,0.000000000000000000e+00
-2.340690400110491051e-02,6.191566251021812621e-03,0.000000000000000000e+00
1.488563880067538849e-02,-6.239346812858737046e-02,0.000000000000000000e+00
5.712019237515361669e-02,-3.657569586041414106e-02,0.000000000000000000e+00
5.269417112090900995e-02,-2.800485804467907347e-02,0.000000000000000000e+00
5.083412237483129342e-02,-3.262030591230098003e-02,0.000000000000000000e+00
-2.266261997400671746e-02,1.974040929049486123e-02,0.000000000000000000e+00
-5.197790221532287182e-03,1.767743097462390681e-02,0.000000000000000000e+00
-3.806004774460638312e-02,7.009122435901636583e-02,0.000000000000000000e+00
-5.228483942770571075e-02,-1.157578962244630860e-01,0.000000000000000000e+00
4.662159966176779996e-02,-1.045252050980622488e-02,0.000000000000000000e+00
1.224353732270728155e-02,-9.127436485182777474e-04,0.000000000000000000e+00
-4.527298189238874310e-02,9.479184046787915430e-03,0.000000000000000000e+00
-4.490476090070989745e-02,-2.546571198284434262e-02,0.000000000000000000e+00
4.186770403973111287e-03,-6.964598125093104941e-03,0.000000000000000000e+00
5.283487457360694362e-02,1.354594031591331094e-03,0.000000000000000000e+00
-2.756917146996334597e-02,2.683565920550234907e-02,0.000000000000000000e+00
-4.976055476554162860e-02,5.691023523409554979e-04,0.000000000000000000e+00
8.953881838699077542e-03,-1.861714320388542163e-02,0.000000000000000000e+00
1.244448377010402007e-01,-8.008302919201948367e-02,0.000000000000000000e+00
-5.557791714417771763e-03,-4.528854433485948738e-02,0.000000000000000000e+00
-7.461297012780052085e-02,-6.543319912380132081e-03,0.000000000000000000e+00
-8.606025213134232965e-02,-2.633534585511813214e-02,0.000000000000000000e+00
-2.002569339187887723e-02,1.185178675819326677e-01,0.000000000000000000e+00
6.065470561530294374e-03,5.198305789502532387e-02,0.000000000000000000e+00
-3.695560253958474900e-02,1.628655167431804218e-02,0.000000000000000000e+00
4.883944917197141633e-02,-5.830672410872021066e-02,0.000000000000000000e+00
-7.003282069241264195e-03,4.049915931012433579e-02,0.000000000000000000e+00
3.353552317922367521e-02,-4.907014381727878294e-02,0.000000000000000000e+00
1.889636362655407187e-02,-5.442929574147661875e-02,0.000000000000000000e+00
9.078986582156770013e-02,1.405603896173899560e-02,0.000000000000000000e+00
3.851676862297538639e-02,6.069583052725781129e-03,0.000000000000000000e+00
3.978850476198460273e-02,2.026397346417236137e-02,0.000000000000000000e+00
-3.279603595374675634e-02,-2.519069013624210610e-02,0.000000000000000000e+00
8.010663012530082339e-03,-1.752697738565646424e-02,0.000000000000000000e+00
-5.723405117366708872e-02,2.937250738993381349e-02,0.000000000000000000e+00
1.151748350372117959e-02,-3.459481777981387313e-02,0.000000000000000000e+00
8.225652579255204877e-02,-6.139296414025702253e-02,0.000000000000000000e+00
-2.462780097507781193e-02,-9.997164866141100906e-03,0.000000000000000000e+00
5.918039571131947923e-02,3.536003916481222226e-02,0.000000000000000000e+00
-6.001693110578265600e-02,-1.147433798135114591e-01,0.000000000000000000e+00
-9.422631509592278853e-03,1.380567166358363622e-02,0.000000000000000000e+00
-2.917735193699525637e-02,-4.068140758019898190e-02,0.000000000000000000e+00
2.555547528508899172e-02,-1.793517827205269588e-02,0.000000000000000000e+00
-2.382733325576413125e-02,-3.985563026293480193e-02,0.000000000000000000e+00
-4.561978227565930549e-02,-4.814172908922318729e-03,0.000000000000000000e+00
-1.057201324579280788e-02,-4.445071730314423958e-02,0.000000000000000000e+00
-3.050906118197160843e-02,4.534556867212734266e-03,0.000000000000000000e+00
5.289804280322556868e-02,-1.860192425566273983e-02,0.000000000000000000e+00
1.457060034071968636e-02,2.783301209875673767e-04,0.000000000000000000e+00
-6.353965334704218815e-02,2.801234483940101203e-02,0.000000000000000000e+00
9.078157829797442457e-02,4.412068425332928145e-02,0.000000000000000000e+00
-1.794119469298180100e-02,2.282400514471148809e-03,0.000000000000000000e+00
1.443300867204611038e-02,7.960869146288215847e-02,0.000000000000000000e+00
