-1.250000000000000000e+01 -2.115141625367217770e+01
-1.200000000000000000e+01 -2.057993790205012630e+01
-1.150000000000000000e+01 -1.772456662572161790e+01
-1.100000000000000000e+01 -1.547904223960674841e+01
-1.050000000000000000e+01 -1.481177327970978119e+01
-1.000000000000000000e+01 -1.641658341175867974e+01
-9.500000000000000000e+00 -1.457552311243464871e+01
-9.000000000000000000e+00 -1.449913155243033280e+01
-8.500000000000000000e+00 -1.281783620460495676e+01
-8.000000000000000000e+00 -1.264039141649389286e+01
-7.500000000000000000e+00 -9.120383567940219649e+00
-7.000000000000000000e+00 -8.344610306480559458e+00
-6.500000000000000000e+00 -8.634528200578303725e+00
-6.000000000000000000e+00 -5.575997490665851153e+00
-5.500000000000000000e+00 -7.884070417763016536e+00
-5.000000000000000000e+00 -3.514028961981594534e+00
-4.500000000000000000e+00 -5.352704128695379815e+00
-4.000000000000000000e+00 -1.773886029033934442e+00
-3.500000000000000000e+00 -3.436144732493026765e+00
-3.000000000000000000e+00 -2.372674637365757455e+00
-2.500000000000000000e+00 -4.059919214077991612e-01
-2.000000000000000000e+00 -3.924290017566378630e-01
-1.500000000000000000e+00 7.058679051473517596e-01
-1.000000000000000000e+00 4.240439619213990596e+00
-5.000000000000000000e-01 4.172175269279621901e+00
0.000000000000000000e+00 5.478345130535304364e+00
5.000000000000000000e-01 4.339635760779502860e+00
1.000000000000000000e+00 7.816227198920106645e+00
1.500000000000000000e+00 9.218380739880167596e+00
2.000000000000000000e+00 9.597324013941353371e+00
2.500000000000000000e+00 1.063056717426124465e+01
3.000000000000000000e+00 1.155799027925592526e+01
3.500000000000000000e+00 1.269479110255315391e+01
4.000000000000000000e+00 1.338035374831664370e+01
4.500000000000000000e+00 1.369741762655655570e+01
5.000000000000000000e+00 1.467156929864821890e+01
5.500000000000000000e+00 1.459913278421510086e+01
6.000000000000000000e+00 1.745087217514480216e+01
6.500000000000000000e+00 1.642103416410989780e+01
7.000000000000000000e+00 1.798351320240699280e+01
7.500000000000000000e+00 1.934398527180064775e+01
8.000000000000000000e+00 2.043713680992891213e+01
8.500000000000000000e+00 2.009088298171158016e+01
9.000000000000000000e+00 2.296047753305980166e+01
9.500000000000000000e+00 2.371404691895903838e+01
1.000000000000000000e+01 2.699150740467862164e+01
1.050000000000000000e+01 2.674502967834416012e+01
1.100000000000000000e+01 2.747732005977554337e+01
1.150000000000000000e+01 2.968595941830518115e+01
1.200000000000000000e+01 3.061226881180772708e+01
