0.000000000000000000e+00 0.000000000000000000e+00 -2.139797464999999832e+01
0.000000000000000000e+00 2.000000000000000111e-01 -2.040344054999999912e+01
2.000000000000000111e-01 4.000000000000000222e-01 -2.021354957999999868e+01
2.000000000000000111e-01 0.000000000000000000e+00 -2.020046389000000175e+01
1.000000000000000000e+00 0.000000000000000000e+00 -1.987096434000000045e+01
4.000000000000000222e-01 0.000000000000000000e+00 -1.960459121999999965e+01
5.999999999999999778e-01 2.000000000000000111e-01 -1.943691465999999934e+01
8.000000000000000444e-01 0.000000000000000000e+00 -1.901062237000000010e+01
2.000000000000000111e-01 8.000000000000000444e-01 -1.893142179000000169e+01
0.000000000000000000e+00 4.000000000000000222e-01 -1.884323081999999872e+01
4.000000000000000222e-01 2.000000000000000111e-01 -1.882615810000000067e+01
2.000000000000000111e-01 2.000000000000000111e-01 -1.845942910999999853e+01
4.000000000000000222e-01 5.999999999999999778e-01 -1.841636216999999931e+01
0.000000000000000000e+00 1.000000000000000000e+00 -1.829614051000000075e+01
5.999999999999999778e-01 0.000000000000000000e+00 -1.823530325999999846e+01
0.000000000000000000e+00 8.000000000000000444e-01 -1.811655864000000093e+01
2.000000000000000111e-01 5.999999999999999778e-01 -1.801888843000000051e+01
1.800000000000000044e+00 0.000000000000000000e+00 -1.781140071000000091e+01
5.999999999999999778e-01 8.000000000000000444e-01 -1.767195041000000089e+01
5.999999999999999778e-01 4.000000000000000222e-01 -1.765203123999999946e+01
4.000000000000000222e-01 4.000000000000000222e-01 -1.761122980000000027e+01
1.000000000000000000e+00 2.000000000000000111e-01 -1.756920378000000227e+01
1.399999999999999911e+00 4.000000000000000222e-01 -1.739889429000000121e+01
2.000000000000000000e+00 2.000000000000000111e-01 -1.732440122999999943e+01
8.000000000000000444e-01 1.000000000000000000e+00 -1.732113937999999820e+01
2.000000000000000111e-01 1.399999999999999911e+00 -1.724325380999999879e+01
0.000000000000000000e+00 5.999999999999999778e-01 -1.717558328999999873e+01
1.399999999999999911e+00 2.000000000000000111e-01 -1.716322145000000177e+01
1.800000000000000044e+00 4.000000000000000222e-01 -1.691797872000000069e+01
1.800000000000000044e+00 2.000000000000000111e-01 -1.687310699000000014e+01
2.000000000000000000e+00 0.000000000000000000e+00 -1.684578810000000004e+01
1.600000000000000089e+00 5.999999999999999778e-01 -1.683758002999999803e+01
1.199999999999999956e+00 0.000000000000000000e+00 -1.683641387000000122e+01
8.000000000000000444e-01 8.000000000000000444e-01 -1.678661499000000035e+01
2.000000000000000111e-01 1.199999999999999956e+00 -1.676957046999999790e+01
8.000000000000000444e-01 5.999999999999999778e-01 -1.675054491999999939e+01
1.000000000000000000e+00 5.999999999999999778e-01 -1.673821441999999848e+01
8.000000000000000444e-01 4.000000000000000222e-01 -1.672526161000000045e+01
5.999999999999999778e-01 1.199999999999999956e+00 -1.666753244000000223e+01
1.600000000000000089e+00 2.000000000000000111e-01 -1.661376804000000007e+01
2.000000000000000111e-01 1.000000000000000000e+00 -1.658224155999999994e+01
1.199999999999999956e+00 2.000000000000000111e-01 -1.656522903999999841e+01
0.000000000000000000e+00 1.199999999999999956e+00 -1.639471036999999853e+01
4.000000000000000222e-01 1.000000000000000000e+00 -1.635763799000000063e+01
1.399999999999999911e+00 8.000000000000000444e-01 -1.623198555999999826e+01
8.000000000000000444e-01 2.000000000000000111e-01 -1.617490040999999934e+01
0.000000000000000000e+00 1.800000000000000044e+00 -1.612701503000000258e+01
4.000000000000000222e-01 1.399999999999999911e+00 -1.591932223000000057e+01
5.999999999999999778e-01 1.000000000000000000e+00 -1.586608715000000025e+01
1.800000000000000044e+00 5.999999999999999778e-01 -1.586421557999999976e+01
5.999999999999999778e-01 5.999999999999999778e-01 -1.576824745999999955e+01
0.000000000000000000e+00 1.600000000000000089e+00 -1.572448404999999916e+01
1.199999999999999956e+00 1.000000000000000000e+00 -1.568318144000000025e+01
1.399999999999999911e+00 0.000000000000000000e+00 -1.564986958999999977e+01
8.000000000000000444e-01 1.399999999999999911e+00 -1.556138289000000086e+01
1.600000000000000089e+00 8.000000000000000444e-01 -1.537575290000000017e+01
0.000000000000000000e+00 1.399999999999999911e+00 -1.528463934000000002e+01
1.600000000000000089e+00 0.000000000000000000e+00 -1.526910911999999954e+01
4.000000000000000222e-01 8.000000000000000444e-01 -1.526891091000000067e+01
1.000000000000000000e+00 8.000000000000000444e-01 -1.525845432999999929e+01
2.000000000000000111e-01 1.600000000000000089e+00 -1.524344739000000004e+01
3.399999999999999911e+00 0.000000000000000000e+00 -1.517053499000000016e+01
1.000000000000000000e+00 4.000000000000000222e-01 -1.516833128000000031e+01
1.600000000000000089e+00 4.000000000000000222e-01 -1.509993045000000045e+01
4.000000000000000222e-01 1.600000000000000089e+00 -1.498758521000000066e+01
1.199999999999999956e+00 4.000000000000000222e-01 -1.497471507999999929e+01
3.000000000000000000e+00 2.000000000000000111e-01 -1.492155568999999993e+01
2.200000000000000178e+00 5.999999999999999778e-01 -1.490288351000000056e+01
2.399999999999999911e+00 4.000000000000000222e-01 -1.486309911000000028e+01
3.000000000000000000e+00 0.000000000000000000e+00 -1.481677479999999925e+01
5.999999999999999778e-01 1.600000000000000089e+00 -1.481086617000000061e+01
1.399999999999999911e+00 1.399999999999999911e+00 -1.475830771999999946e+01
2.000000000000000000e+00 5.999999999999999778e-01 -1.471459955999999991e+01
3.200000000000000178e+00 0.000000000000000000e+00 -1.467581279999999921e+01
2.600000000000000089e+00 2.000000000000000111e-01 -1.464575774999999958e+01
1.199999999999999956e+00 1.199999999999999956e+00 -1.464333433000000007e+01
2.799999999999999822e+00 0.000000000000000000e+00 -1.460538103999999926e+01
1.199999999999999956e+00 1.600000000000000089e+00 -1.452771732999999976e+01
1.399999999999999911e+00 5.999999999999999778e-01 -1.451476371000000043e+01
8.000000000000000444e-01 1.199999999999999956e+00 -1.444661900000000010e+01
2.399999999999999911e+00 0.000000000000000000e+00 -1.442755507999999942e+01
2.600000000000000089e+00 5.999999999999999778e-01 -1.441779660000000085e+01
1.199999999999999956e+00 8.000000000000000444e-01 -1.438972032999999939e+01
1.399999999999999911e+00 1.000000000000000000e+00 -1.429212088999999963e+01
1.600000000000000089e+00 1.199999999999999956e+00 -1.425269673999999931e+01
2.600000000000000089e+00 4.000000000000000222e-01 -1.411444428999999978e+01
1.000000000000000000e+00 1.199999999999999956e+00 -1.408958767000000023e+01
4.000000000000000222e-01 1.199999999999999956e+00 -1.408874759000000054e+01
1.800000000000000044e+00 1.399999999999999911e+00 -1.402797602999999960e+01
2.000000000000000000e+00 4.000000000000000222e-01 -1.392385656000000083e+01
2.399999999999999911e+00 2.000000000000000111e-01 -1.387738940000000021e+01
1.199999999999999956e+00 5.999999999999999778e-01 -1.386390497999999916e+01
8.000000000000000444e-01 1.800000000000000044e+00 -1.382594362000000032e+01
2.200000000000000178e+00 0.000000000000000000e+00 -1.381380266999999940e+01
1.600000000000000089e+00 1.600000000000000089e+00 -1.369247419000000043e+01
2.200000000000000178e+00 2.000000000000000111e-01 -1.366368972000000070e+01
3.399999999999999911e+00 4.000000000000000222e-01 -1.362495958999999957e+01
5.999999999999999778e-01 1.399999999999999911e+00 -1.356656979000000085e+01
1.000000000000000000e+00 1.000000000000000000e+00 -1.354620369000000046e+01
1.800000000000000044e+00 1.000000000000000000e+00 -1.353531450999999919e+01
2.000000000000000111e-01 1.800000000000000044e+00 -1.349311441999999950e+01
1.199999999999999956e+00 1.399999999999999911e+00 -1.346034286000000080e+01
3.200000000000000178e+00 4.000000000000000222e-01 -1.345983148999999912e+01
1.000000000000000000e+00 1.600000000000000089e+00 -1.337231015999999961e+01
3.000000000000000000e+00 4.000000000000000222e-01 -1.332022772000000010e+01
3.600000000000000089e+00 4.000000000000000222e-01 -1.330064044999999950e+01
1.600000000000000089e+00 1.800000000000000044e+00 -1.330060613000000025e+01
2.600000000000000089e+00 1.000000000000000000e+00 -1.323449407999999927e+01
1.399999999999999911e+00 1.800000000000000044e+00 -1.320716209000000063e+01
4.000000000000000000e+00 2.000000000000000111e-01 -1.319683769000000062e+01
2.799999999999999822e+00 8.000000000000000444e-01 -1.317672774999999952e+01
3.200000000000000178e+00 2.000000000000000111e-01 -1.301676589999999933e+01
1.399999999999999911e+00 1.199999999999999956e+00 -1.297895538999999943e+01
2.600000000000000089e+00 8.000000000000000444e-01 -1.295566583999999999e+01
2.600000000000000089e+00 0.000000000000000000e+00 -1.293344025999999936e+01
3.399999999999999911e+00 2.000000000000000111e-01 -1.292059444999999940e+01
2.399999999999999911e+00 1.399999999999999911e+00 -1.288124406000000022e+01
8.000000000000000444e-01 1.600000000000000089e+00 -1.284231611999999956e+01
2.399999999999999911e+00 1.199999999999999956e+00 -1.283995374000000034e+01
5.999999999999999778e-01 1.800000000000000044e+00 -1.282184430999999947e+01
3.200000000000000178e+00 5.999999999999999778e-01 -1.273822582000000025e+01
1.800000000000000044e+00 8.000000000000000444e-01 -1.265232108999999916e+01
1.000000000000000000e+00 1.399999999999999911e+00 -1.265110514999999936e+01
3.399999999999999911e+00 5.999999999999999778e-01 -1.264182905999999917e+01
2.200000000000000178e+00 1.199999999999999956e+00 -1.263216566000000007e+01
3.000000000000000000e+00 5.999999999999999778e-01 -1.258833025000000028e+01
2.200000000000000178e+00 1.000000000000000000e+00 -1.257323000999999962e+01
2.799999999999999822e+00 2.000000000000000111e-01 -1.254468714000000062e+01
4.400000000000000355e+00 2.000000000000000111e-01 -1.253174500000000080e+01
2.200000000000000178e+00 4.000000000000000222e-01 -1.248504265000000046e+01
1.000000000000000000e+00 1.800000000000000044e+00 -1.243515423999999925e+01
1.800000000000000044e+00 1.800000000000000044e+00 -1.243190753999999920e+01
1.600000000000000089e+00 1.000000000000000000e+00 -1.235929265000000044e+01
3.200000000000000178e+00 8.000000000000000444e-01 -1.235151912000000074e+01
2.000000000000000000e+00 1.000000000000000000e+00 -1.234921207000000010e+01
1.600000000000000089e+00 1.399999999999999911e+00 -1.228350511999999917e+01
4.000000000000000000e+00 0.000000000000000000e+00 -1.219354934000000057e+01
2.000000000000000000e+00 8.000000000000000444e-01 -1.213243229000000056e+01
4.599999999999999645e+00 2.000000000000000111e-01 -1.208209380999999993e+01
2.399999999999999911e+00 5.999999999999999778e-01 -1.205172098999999974e+01
3.600000000000000089e+00 5.999999999999999778e-01 -1.200084681999999958e+01
4.000000000000000222e-01 1.800000000000000044e+00 -1.196972509799999962e+01
2.799999999999999822e+00 4.000000000000000222e-01 -1.191848995900000041e+01
3.799999999999999822e+00 2.000000000000000111e-01 -1.191234581900000045e+01
2.399999999999999911e+00 1.000000000000000000e+00 -1.183505571200000084e+01
2.200000000000000178e+00 8.000000000000000444e-01 -1.181648796200000007e+01
4.599999999999999645e+00 0.000000000000000000e+00 -1.176948435499999945e+01
3.600000000000000089e+00 2.000000000000000111e-01 -1.160487839600000015e+01
2.399999999999999911e+00 8.000000000000000444e-01 -1.159900192899999993e+01
2.799999999999999822e+00 1.199999999999999956e+00 -1.159274023500000084e+01
2.000000000000000000e+00 1.199999999999999956e+00 -1.152177696599999912e+01
4.400000000000000355e+00 4.000000000000000222e-01 -1.136629200700000020e+01
3.799999999999999822e+00 0.000000000000000000e+00 -1.123816245999999985e+01
2.200000000000000178e+00 1.399999999999999911e+00 -1.120986178799999955e+01
4.799999999999999822e+00 0.000000000000000000e+00 -1.119920861700000003e+01
4.200000000000000178e+00 4.000000000000000222e-01 -1.119026621899999974e+01
3.600000000000000089e+00 8.000000000000000444e-01 -1.114503138200000087e+01
2.600000000000000089e+00 1.600000000000000089e+00 -1.110237417299999940e+01
4.200000000000000178e+00 8.000000000000000444e-01 -1.108550505600000058e+01
1.800000000000000044e+00 1.600000000000000089e+00 -1.107309180200000043e+01
1.800000000000000044e+00 1.199999999999999956e+00 -1.100024357700000088e+01
3.399999999999999911e+00 1.000000000000000000e+00 -1.100005772599999965e+01
5.200000000000000178e+00 2.000000000000000111e-01 -1.088577670399999953e+01
2.799999999999999822e+00 1.000000000000000000e+00 -1.087122429799999956e+01
3.600000000000000089e+00 0.000000000000000000e+00 -1.080367363500000089e+01
2.799999999999999822e+00 5.999999999999999778e-01 -1.077247370299999929e+01
1.199999999999999956e+00 1.800000000000000044e+00 -1.073575306000000040e+01
2.600000000000000089e+00 1.800000000000000044e+00 -1.070087779300000008e+01
1.399999999999999911e+00 1.600000000000000089e+00 -1.068169616800000021e+01
4.200000000000000178e+00 5.999999999999999778e-01 -1.066323379399999993e+01
3.799999999999999822e+00 1.000000000000000000e+00 -1.056050821400000039e+01
3.399999999999999911e+00 1.199999999999999956e+00 -1.051969628199999995e+01
3.799999999999999822e+00 4.000000000000000222e-01 -1.048297529300000086e+01
4.400000000000000355e+00 0.000000000000000000e+00 -1.047976592300000043e+01
5.400000000000000355e+00 0.000000000000000000e+00 -1.047914727799999923e+01
2.399999999999999911e+00 1.800000000000000044e+00 -1.042300817799999990e+01
3.399999999999999911e+00 8.000000000000000444e-01 -1.041200717699999956e+01
3.000000000000000000e+00 8.000000000000000444e-01 -1.031028281400000068e+01
5.000000000000000000e+00 0.000000000000000000e+00 -1.023506188400000028e+01
2.600000000000000089e+00 1.399999999999999911e+00 -1.019787889400000047e+01
3.000000000000000000e+00 1.000000000000000000e+00 -1.012940405700000035e+01
3.200000000000000178e+00 1.199999999999999956e+00 -1.010663812399999983e+01
2.200000000000000178e+00 1.600000000000000089e+00 -1.001487647299999928e+01
2.799999999999999822e+00 1.600000000000000089e+00 -9.949562777000000580e+00
2.000000000000000000e+00 1.399999999999999911e+00 -9.891341239999999146e+00
4.000000000000000000e+00 1.000000000000000000e+00 -9.879436078000001231e+00
3.600000000000000089e+00 1.600000000000000089e+00 -9.748494310999999968e+00
5.000000000000000000e+00 5.999999999999999778e-01 -9.734715836999999539e+00
4.200000000000000178e+00 0.000000000000000000e+00 -9.688080163000000411e+00
2.000000000000000000e+00 1.600000000000000089e+00 -9.629753441000000080e+00
4.599999999999999645e+00 8.000000000000000444e-01 -9.607114931999999996e+00
4.400000000000000355e+00 1.199999999999999956e+00 -9.596562361000000152e+00
3.600000000000000089e+00 1.199999999999999956e+00 -9.549274733000000737e+00
4.400000000000000355e+00 8.000000000000000444e-01 -9.542126468999999389e+00
4.000000000000000000e+00 4.000000000000000222e-01 -9.481643513999999939e+00
2.600000000000000089e+00 1.199999999999999956e+00 -9.436891283999999658e+00
4.799999999999999822e+00 8.000000000000000444e-01 -9.422843712999998900e+00
3.000000000000000000e+00 1.600000000000000089e+00 -9.379281356999999986e+00
2.799999999999999822e+00 1.800000000000000044e+00 -9.364671747999999241e+00
4.000000000000000000e+00 5.999999999999999778e-01 -9.297149852000000436e+00
4.000000000000000000e+00 1.399999999999999911e+00 -9.292179820000001200e+00
2.000000000000000000e+00 1.800000000000000044e+00 -9.209864485000000656e+00
5.000000000000000000e+00 8.000000000000000444e-01 -9.192067691000000096e+00
4.000000000000000000e+00 8.000000000000000444e-01 -9.172869958999999795e+00
3.000000000000000000e+00 1.199999999999999956e+00 -9.133403428000001156e+00
4.400000000000000355e+00 1.000000000000000000e+00 -9.097571007999999182e+00
2.200000000000000178e+00 1.800000000000000044e+00 -9.093809258000000284e+00
2.799999999999999822e+00 1.399999999999999911e+00 -9.073146122000000702e+00
4.599999999999999645e+00 5.999999999999999778e-01 -9.065187134000000313e+00
5.000000000000000000e+00 2.000000000000000111e-01 -9.015436399999998685e+00
4.200000000000000178e+00 2.000000000000000111e-01 -9.005643300999999212e+00
3.200000000000000178e+00 1.399999999999999911e+00 -8.923903912000000105e+00
3.799999999999999822e+00 5.999999999999999778e-01 -8.864054153999999741e+00
2.399999999999999911e+00 1.600000000000000089e+00 -8.862979598999999098e+00
5.000000000000000000e+00 4.000000000000000222e-01 -8.840995838000001328e+00
4.000000000000000000e+00 1.199999999999999956e+00 -8.813119514000000265e+00
3.200000000000000178e+00 1.000000000000000000e+00 -8.801691101999999489e+00
4.400000000000000355e+00 5.999999999999999778e-01 -8.792352007999999941e+00
3.200000000000000178e+00 1.800000000000000044e+00 -8.770003280000000956e+00
4.599999999999999645e+00 1.199999999999999956e+00 -8.757082898000000171e+00
3.600000000000000089e+00 1.000000000000000000e+00 -8.701344245999999671e+00
4.599999999999999645e+00 4.000000000000000222e-01 -8.680833965999999791e+00
4.200000000000000178e+00 1.399999999999999911e+00 -8.670314075000000287e+00
5.400000000000000355e+00 8.000000000000000444e-01 -8.644229732999999527e+00
3.000000000000000000e+00 1.399999999999999911e+00 -8.626964390999999566e+00
4.799999999999999822e+00 1.199999999999999956e+00 -8.488476727000000110e+00
5.200000000000000178e+00 0.000000000000000000e+00 -8.361526854000000952e+00
4.799999999999999822e+00 2.000000000000000111e-01 -8.333104577000000290e+00
3.799999999999999822e+00 1.399999999999999911e+00 -8.307176553999999769e+00
3.799999999999999822e+00 8.000000000000000444e-01 -8.295719647000000307e+00
3.600000000000000089e+00 1.800000000000000044e+00 -8.246439639000000099e+00
5.400000000000000355e+00 2.000000000000000111e-01 -8.127384966000001043e+00
6.000000000000000000e+00 4.000000000000000222e-01 -8.106924110999999655e+00
6.200000000000000178e+00 2.000000000000000111e-01 -8.078649564999999200e+00
5.000000000000000000e+00 1.000000000000000000e+00 -8.030944172999999964e+00
6.000000000000000000e+00 2.000000000000000111e-01 -7.934443920999999733e+00
4.799999999999999822e+00 4.000000000000000222e-01 -7.925682893000000284e+00
3.200000000000000178e+00 1.600000000000000089e+00 -7.922162558000000132e+00
5.799999999999999822e+00 4.000000000000000222e-01 -7.902826626000000410e+00
3.799999999999999822e+00 1.199999999999999956e+00 -7.801398428999999801e+00
7.000000000000000000e+00 0.000000000000000000e+00 -7.797229675999999721e+00
5.599999999999999645e+00 4.000000000000000222e-01 -7.777082209999999662e+00
6.599999999999999645e+00 2.000000000000000111e-01 -7.712031432999999936e+00
6.200000000000000178e+00 5.999999999999999778e-01 -7.708362551999999646e+00
3.399999999999999911e+00 1.600000000000000089e+00 -7.504523940000000337e+00
3.399999999999999911e+00 1.800000000000000044e+00 -7.477622232999999952e+00
3.399999999999999911e+00 1.399999999999999911e+00 -7.355926821999999810e+00
4.400000000000000355e+00 1.800000000000000044e+00 -7.279488612999999830e+00
4.000000000000000000e+00 1.800000000000000044e+00 -7.245772649000000065e+00
5.200000000000000178e+00 1.399999999999999911e+00 -7.213933384999999809e+00
4.200000000000000178e+00 1.000000000000000000e+00 -7.183995701999999817e+00
5.200000000000000178e+00 5.999999999999999778e-01 -7.157629204000000023e+00
7.000000000000000000e+00 2.000000000000000111e-01 -7.132524770999999930e+00
4.799999999999999822e+00 5.999999999999999778e-01 -7.079061065000000319e+00
3.000000000000000000e+00 1.800000000000000044e+00 -6.978624939000000360e+00
5.400000000000000355e+00 5.999999999999999778e-01 -6.900075999000000238e+00
5.799999999999999822e+00 0.000000000000000000e+00 -6.877637186000000291e+00
5.599999999999999645e+00 0.000000000000000000e+00 -6.870855912999999759e+00
5.200000000000000178e+00 1.000000000000000000e+00 -6.822524020000000355e+00
5.200000000000000178e+00 4.000000000000000222e-01 -6.819700594999999588e+00
5.400000000000000355e+00 1.399999999999999911e+00 -6.804043784000000095e+00
5.200000000000000178e+00 1.600000000000000089e+00 -6.797698362000000216e+00
6.000000000000000000e+00 5.999999999999999778e-01 -6.796691218000000312e+00
5.799999999999999822e+00 2.000000000000000111e-01 -6.773336499000000011e+00
5.599999999999999645e+00 5.999999999999999778e-01 -6.772752340000000260e+00
4.200000000000000178e+00 1.199999999999999956e+00 -6.739398567000000284e+00
5.799999999999999822e+00 8.000000000000000444e-01 -6.710486278000000304e+00
3.600000000000000089e+00 1.399999999999999911e+00 -6.695036373999999846e+00
5.400000000000000355e+00 1.199999999999999956e+00 -6.681613257000000416e+00
4.599999999999999645e+00 1.000000000000000000e+00 -6.677225782999999915e+00
6.000000000000000000e+00 0.000000000000000000e+00 -6.650323123999999808e+00
6.400000000000000355e+00 4.000000000000000222e-01 -6.645541273000000082e+00
4.799999999999999822e+00 1.800000000000000044e+00 -6.617546446000000415e+00
5.400000000000000355e+00 4.000000000000000222e-01 -6.609756686999999964e+00
6.400000000000000355e+00 0.000000000000000000e+00 -6.579348771000000262e+00
7.400000000000000355e+00 0.000000000000000000e+00 -6.557304378999999628e+00
6.400000000000000355e+00 8.000000000000000444e-01 -6.510143103999999958e+00
6.200000000000000178e+00 4.000000000000000222e-01 -6.442086482999999753e+00
6.599999999999999645e+00 4.000000000000000222e-01 -6.437951004000000310e+00
6.400000000000000355e+00 2.000000000000000111e-01 -6.427698476999999855e+00
4.400000000000000355e+00 1.399999999999999911e+00 -6.426994492000000392e+00
5.599999999999999645e+00 2.000000000000000111e-01 -6.410025082999999846e+00
5.400000000000000355e+00 1.000000000000000000e+00 -6.395800137000000163e+00
5.400000000000000355e+00 1.600000000000000089e+00 -6.390676757999999680e+00
6.200000000000000178e+00 0.000000000000000000e+00 -6.385306793999999897e+00
4.400000000000000355e+00 1.600000000000000089e+00 -6.329654786999999949e+00
6.200000000000000178e+00 1.000000000000000000e+00 -6.257064010999999759e+00
6.799999999999999822e+00 2.000000000000000111e-01 -6.233609332000000336e+00
4.799999999999999822e+00 1.000000000000000000e+00 -6.229970114000000336e+00
5.599999999999999645e+00 1.399999999999999911e+00 -6.195890336999999803e+00
4.000000000000000000e+00 1.600000000000000089e+00 -6.194990182999999817e+00
6.000000000000000000e+00 1.000000000000000000e+00 -6.182306379999999990e+00
4.200000000000000178e+00 1.800000000000000044e+00 -6.179981370000000140e+00
7.400000000000000355e+00 2.000000000000000111e-01 -6.053306033000000141e+00
5.200000000000000178e+00 8.000000000000000444e-01 -5.996687754999999953e+00
4.599999999999999645e+00 1.399999999999999911e+00 -5.950738485000000466e+00
7.799999999999999822e+00 0.000000000000000000e+00 -5.910077337000000597e+00
5.799999999999999822e+00 1.399999999999999911e+00 -5.859579915999999500e+00
5.799999999999999822e+00 5.999999999999999778e-01 -5.857725798999999789e+00
5.000000000000000000e+00 1.199999999999999956e+00 -5.828596807000000268e+00
3.799999999999999822e+00 1.600000000000000089e+00 -5.791028896000000259e+00
4.200000000000000178e+00 1.600000000000000089e+00 -5.708786834999999726e+00
3.799999999999999822e+00 1.800000000000000044e+00 -5.602713195999999840e+00
5.599999999999999645e+00 1.199999999999999956e+00 -5.568452701000000005e+00
5.799999999999999822e+00 1.000000000000000000e+00 -5.555323573999999986e+00
7.200000000000000178e+00 5.999999999999999778e-01 -5.545119619999999472e+00
6.000000000000000000e+00 1.399999999999999911e+00 -5.401559269999999913e+00
6.799999999999999822e+00 0.000000000000000000e+00 -5.398853389000000114e+00
5.599999999999999645e+00 8.000000000000000444e-01 -5.376517912000000621e+00
6.000000000000000000e+00 8.000000000000000444e-01 -5.373284766999999462e+00
5.799999999999999822e+00 1.600000000000000089e+00 -5.238786099000000362e+00
7.200000000000000178e+00 0.000000000000000000e+00 -5.214413539000000597e+00
7.000000000000000000e+00 8.000000000000000444e-01 -5.211173495999999794e+00
6.200000000000000178e+00 1.199999999999999956e+00 -5.199766448000000096e+00
5.000000000000000000e+00 1.600000000000000089e+00 -5.124273563000000031e+00
5.200000000000000178e+00 1.199999999999999956e+00 -5.075934600000000074e+00
6.799999999999999822e+00 8.000000000000000444e-01 -4.974522251999999867e+00
6.599999999999999645e+00 0.000000000000000000e+00 -4.904383907999999792e+00
8.400000000000000355e+00 0.000000000000000000e+00 -4.888907606000000072e+00
7.000000000000000000e+00 4.000000000000000222e-01 -4.860816511999999534e+00
7.200000000000000178e+00 2.000000000000000111e-01 -4.768232465000000531e+00
5.400000000000000355e+00 1.800000000000000044e+00 -4.763182196999999896e+00
7.200000000000000178e+00 4.000000000000000222e-01 -4.671480958000000072e+00
6.799999999999999822e+00 1.000000000000000000e+00 -4.522739184999999829e+00
5.599999999999999645e+00 1.000000000000000000e+00 -4.508459316999999800e+00
4.599999999999999645e+00 1.600000000000000089e+00 -4.501942629000000196e+00
5.000000000000000000e+00 1.399999999999999911e+00 -4.484069331999999797e+00
4.799999999999999822e+00 1.600000000000000089e+00 -4.462428881000000125e+00
7.400000000000000355e+00 8.000000000000000444e-01 -4.391316268000000633e+00
7.599999999999999645e+00 2.000000000000000111e-01 -4.385189457000000068e+00
4.799999999999999822e+00 1.399999999999999911e+00 -4.370754085999999816e+00
6.599999999999999645e+00 5.999999999999999778e-01 -4.293820806999999462e+00
4.599999999999999645e+00 1.800000000000000044e+00 -4.289391649999999778e+00
8.000000000000000000e+00 2.000000000000000111e-01 -4.215567687000000063e+00
6.400000000000000355e+00 1.000000000000000000e+00 -4.210796478999999870e+00
5.599999999999999645e+00 1.600000000000000089e+00 -4.174104381999999447e+00
7.400000000000000355e+00 4.000000000000000222e-01 -4.079793698999999663e+00
5.799999999999999822e+00 1.800000000000000044e+00 -4.007906640999999937e+00
6.400000000000000355e+00 5.999999999999999778e-01 -3.922263641999999884e+00
6.000000000000000000e+00 1.199999999999999956e+00 -3.911093624000000268e+00
7.200000000000000178e+00 1.000000000000000000e+00 -3.859569136000000178e+00
6.200000000000000178e+00 1.600000000000000089e+00 -3.810551938999999777e+00
8.800000000000000711e+00 0.000000000000000000e+00 -3.619167432000000240e+00
7.000000000000000000e+00 1.000000000000000000e+00 -3.600535246999999828e+00
8.599999999999999645e+00 4.000000000000000222e-01 -3.584903038000000208e+00
6.200000000000000178e+00 1.800000000000000044e+00 -3.573350328000000076e+00
8.199999999999999289e+00 2.000000000000000111e-01 -3.539570238000000035e+00
7.599999999999999645e+00 8.000000000000000444e-01 -3.534811117999999919e+00
6.599999999999999645e+00 1.000000000000000000e+00 -3.514872063000000324e+00
6.599999999999999645e+00 1.399999999999999911e+00 -3.510233422999999853e+00
5.200000000000000178e+00 1.800000000000000044e+00 -3.469128900999999932e+00
7.200000000000000178e+00 1.199999999999999956e+00 -3.465185783999999991e+00
6.200000000000000178e+00 8.000000000000000444e-01 -3.435453477999999894e+00
8.400000000000000355e+00 2.000000000000000111e-01 -3.388386944000000067e+00
7.200000000000000178e+00 8.000000000000000444e-01 -3.385127792000000024e+00
6.400000000000000355e+00 1.399999999999999911e+00 -3.381738922000000258e+00
5.000000000000000000e+00 1.800000000000000044e+00 -3.342193949000000330e+00
8.000000000000000000e+00 0.000000000000000000e+00 -3.315437127000000039e+00
6.799999999999999822e+00 4.000000000000000222e-01 -3.262812945999999936e+00
6.599999999999999645e+00 8.000000000000000444e-01 -3.255124923999999975e+00
5.599999999999999645e+00 1.800000000000000044e+00 -3.225482289999999974e+00
8.000000000000000000e+00 8.000000000000000444e-01 -3.137483829999999863e+00
6.000000000000000000e+00 1.600000000000000089e+00 -3.107319155999999971e+00
6.400000000000000355e+00 1.199999999999999956e+00 -3.101262817999999921e+00
6.799999999999999822e+00 5.999999999999999778e-01 -3.090639000999999997e+00
7.799999999999999822e+00 8.000000000000000444e-01 -3.046893615000000111e+00
7.400000000000000355e+00 5.999999999999999778e-01 -2.995426488000000109e+00
5.799999999999999822e+00 1.199999999999999956e+00 -2.965063402800000247e+00
7.599999999999999645e+00 4.000000000000000222e-01 -2.892040109499999900e+00
7.599999999999999645e+00 0.000000000000000000e+00 -2.872157156900000174e+00
6.799999999999999822e+00 1.199999999999999956e+00 -2.826574970899999872e+00
6.799999999999999822e+00 1.399999999999999911e+00 -2.796017205800000127e+00
8.599999999999999645e+00 0.000000000000000000e+00 -2.766113426200000003e+00
9.599999999999999645e+00 0.000000000000000000e+00 -2.628906185199999967e+00
8.800000000000000711e+00 2.000000000000000111e-01 -2.587155218199999940e+00
7.400000000000000355e+00 1.399999999999999911e+00 -2.461762346099999998e+00
7.000000000000000000e+00 5.999999999999999778e-01 -2.451745014100000120e+00
8.599999999999999645e+00 2.000000000000000111e-01 -2.417539136099999819e+00
8.400000000000000355e+00 8.000000000000000444e-01 -2.378907803000000154e+00
6.799999999999999822e+00 1.800000000000000044e+00 -2.310392444500000142e+00
7.799999999999999822e+00 5.999999999999999778e-01 -2.300744402599999905e+00
9.199999999999999289e+00 0.000000000000000000e+00 -2.265128048999999866e+00
7.799999999999999822e+00 2.000000000000000111e-01 -2.192576446599999951e+00
6.000000000000000000e+00 1.800000000000000044e+00 -2.078516740790000039e+00
9.000000000000000000e+00 0.000000000000000000e+00 -2.045490956720000142e+00
8.800000000000000711e+00 8.000000000000000444e-01 -1.902127836630000068e+00
8.400000000000000355e+00 4.000000000000000222e-01 -1.817647214199999972e+00
7.599999999999999645e+00 1.000000000000000000e+00 -1.800711246200000115e+00
6.200000000000000178e+00 1.399999999999999911e+00 -1.768560910799999997e+00
7.599999999999999645e+00 5.999999999999999778e-01 -1.742077122800000044e+00
8.199999999999999289e+00 0.000000000000000000e+00 -1.709661547600000109e+00
9.599999999999999645e+00 2.000000000000000111e-01 -1.687301024199999944e+00
7.400000000000000355e+00 1.800000000000000044e+00 -1.644179044499999964e+00
6.599999999999999645e+00 1.800000000000000044e+00 -1.521743612999999939e+00
8.000000000000000000e+00 4.000000000000000222e-01 -1.462621850100000120e+00
7.599999999999999645e+00 1.399999999999999911e+00 -1.442063550299999886e+00
9.000000000000000000e+00 2.000000000000000111e-01 -1.420137448800000035e+00
7.000000000000000000e+00 1.800000000000000044e+00 -1.391423354600000106e+00
7.400000000000000355e+00 1.000000000000000000e+00 -1.357565097099999951e+00
7.000000000000000000e+00 1.600000000000000089e+00 -1.308441322800000028e+00
6.599999999999999645e+00 1.199999999999999956e+00 -1.303967741300000149e+00
7.799999999999999822e+00 4.000000000000000222e-01 -1.282205896400000045e+00
7.000000000000000000e+00 1.399999999999999911e+00 -1.206915286900000162e+00
8.599999999999999645e+00 8.000000000000000444e-01 -1.191277951700000060e+00
7.000000000000000000e+00 1.199999999999999956e+00 -1.085919624099999981e+00
8.199999999999999289e+00 4.000000000000000222e-01 -1.083338502000000148e+00
8.800000000000000711e+00 5.999999999999999778e-01 -9.497950289999999018e-01
9.199999999999999289e+00 2.000000000000000111e-01 -8.546565649999999792e-01
8.199999999999999289e+00 5.999999999999999778e-01 -8.401331050000000467e-01
7.799999999999999822e+00 1.199999999999999956e+00 -7.969947379999999804e-01
8.000000000000000000e+00 5.999999999999999778e-01 -7.826194159999999567e-01
6.599999999999999645e+00 1.600000000000000089e+00 -7.719236759999998920e-01
8.199999999999999289e+00 1.199999999999999956e+00 -7.516685359999999427e-01
9.400000000000000355e+00 0.000000000000000000e+00 -7.221512029999999083e-01
6.799999999999999822e+00 1.600000000000000089e+00 -7.179860909999999929e-01
8.199999999999999289e+00 1.000000000000000000e+00 -7.164249959999999806e-01
8.800000000000000711e+00 1.000000000000000000e+00 -7.134685339999999876e-01
8.000000000000000000e+00 1.000000000000000000e+00 -6.872684030000000277e-01
6.400000000000000355e+00 1.600000000000000089e+00 -6.314600230000000369e-01
7.799999999999999822e+00 1.000000000000000000e+00 -6.032175740000000896e-01
8.800000000000000711e+00 4.000000000000000222e-01 -5.961287189999999736e-01
8.199999999999999289e+00 8.000000000000000444e-01 -4.574227230000000866e-01
6.400000000000000355e+00 1.800000000000000044e+00 -4.416616470000001016e-01
7.799999999999999822e+00 1.600000000000000089e+00 -3.887675669999999251e-01
9.000000000000000000e+00 5.999999999999999778e-01 -3.649591420000000141e-01
7.400000000000000355e+00 1.199999999999999956e+00 -3.412116489999998947e-01
7.799999999999999822e+00 1.399999999999999911e+00 -3.008642839999999818e-01
9.800000000000000711e+00 5.999999999999999778e-01 -2.592556980000000344e-01
9.400000000000000355e+00 2.000000000000000111e-01 -1.488006740000000772e-01
9.400000000000000355e+00 8.000000000000000444e-01 -1.004953589999999508e-01
8.400000000000000355e+00 1.199999999999999956e+00 -9.032894999999996344e-02
7.200000000000000178e+00 1.399999999999999911e+00 -7.903966300000009326e-02
8.000000000000000000e+00 1.800000000000000044e+00 -6.075845000000001939e-02
9.199999999999999289e+00 5.999999999999999778e-01 5.475079499999990773e-02
8.400000000000000355e+00 1.000000000000000000e+00 6.524862699999989246e-02
9.199999999999999289e+00 1.000000000000000000e+00 7.750488300000002440e-02
8.400000000000000355e+00 5.999999999999999778e-01 1.267155899999998780e-01
7.599999999999999645e+00 1.199999999999999956e+00 2.072227519999998435e-01
7.200000000000000178e+00 1.600000000000000089e+00 2.851604029999998957e-01
9.000000000000000000e+00 4.000000000000000222e-01 3.553747970000000755e-01
8.000000000000000000e+00 1.199999999999999956e+00 4.389488820000000402e-01
9.599999999999999645e+00 4.000000000000000222e-01 4.445678169999998097e-01
9.800000000000000711e+00 2.000000000000000111e-01 4.783788460000000242e-01
9.199999999999999289e+00 8.000000000000000444e-01 4.851476570000001765e-01
8.599999999999999645e+00 5.999999999999999778e-01 8.719342819999997829e-01
8.599999999999999645e+00 1.399999999999999911e+00 9.061712320000001597e-01
9.800000000000000711e+00 0.000000000000000000e+00 9.654227149999998758e-01
8.599999999999999645e+00 1.800000000000000044e+00 1.088757805000000189e+00
9.000000000000000000e+00 1.000000000000000000e+00 1.107832831000000073e+00
9.000000000000000000e+00 1.199999999999999956e+00 1.114993436999999865e+00
9.400000000000000355e+00 1.199999999999999956e+00 1.187357260000000192e+00
9.000000000000000000e+00 1.600000000000000089e+00 1.188702152999999928e+00
9.800000000000000711e+00 1.199999999999999956e+00 1.216454285999999829e+00
7.599999999999999645e+00 1.600000000000000089e+00 1.251940172999999934e+00
7.400000000000000355e+00 1.600000000000000089e+00 1.452475980000000000e+00
8.199999999999999289e+00 1.600000000000000089e+00 1.470809771999999960e+00
9.599999999999999645e+00 8.000000000000000444e-01 1.478930382000000154e+00
9.000000000000000000e+00 1.399999999999999911e+00 1.485457697000000188e+00
8.000000000000000000e+00 1.399999999999999911e+00 1.492722949000000021e+00
8.199999999999999289e+00 1.399999999999999911e+00 1.535245603999999986e+00
9.199999999999999289e+00 4.000000000000000222e-01 1.556966724000000024e+00
8.599999999999999645e+00 1.000000000000000000e+00 1.593225368000000142e+00
7.599999999999999645e+00 1.800000000000000044e+00 1.706297272000000032e+00
9.000000000000000000e+00 8.000000000000000444e-01 1.763804561999999798e+00
7.200000000000000178e+00 1.800000000000000044e+00 1.765169293000000028e+00
8.800000000000000711e+00 1.600000000000000089e+00 1.787761058000000070e+00
9.400000000000000355e+00 1.399999999999999911e+00 1.900809570999999920e+00
9.199999999999999289e+00 1.600000000000000089e+00 1.912460944999999857e+00
9.599999999999999645e+00 1.399999999999999911e+00 1.943545875999999950e+00
9.400000000000000355e+00 4.000000000000000222e-01 1.954483370000000164e+00
9.199999999999999289e+00 1.199999999999999956e+00 2.013561475000000378e+00
8.800000000000000711e+00 1.199999999999999956e+00 2.217205919000000414e+00
9.400000000000000355e+00 5.999999999999999778e-01 2.247956615999999741e+00
8.800000000000000711e+00 1.399999999999999911e+00 2.266600730999999591e+00
8.400000000000000355e+00 1.600000000000000089e+00 2.345819399999999888e+00
9.800000000000000711e+00 4.000000000000000222e-01 2.383938460999999620e+00
9.000000000000000000e+00 1.800000000000000044e+00 2.406015628999999656e+00
9.800000000000000711e+00 1.000000000000000000e+00 2.427023682999999821e+00
8.400000000000000355e+00 1.399999999999999911e+00 2.454058691000000181e+00
8.599999999999999645e+00 1.600000000000000089e+00 2.466949086999999707e+00
9.599999999999999645e+00 1.000000000000000000e+00 2.550007600999999902e+00
8.000000000000000000e+00 1.600000000000000089e+00 2.670067661000000037e+00
9.599999999999999645e+00 5.999999999999999778e-01 2.706426480000000190e+00
7.799999999999999822e+00 1.800000000000000044e+00 2.748153684000000041e+00
8.599999999999999645e+00 1.199999999999999956e+00 2.753272031999999925e+00
8.800000000000000711e+00 1.800000000000000044e+00 2.780850938999999578e+00
9.400000000000000355e+00 1.000000000000000000e+00 2.858864371000000126e+00
9.199999999999999289e+00 1.399999999999999911e+00 3.135652508999999810e+00
9.800000000000000711e+00 1.800000000000000044e+00 3.342331839999999943e+00
9.800000000000000711e+00 1.600000000000000089e+00 3.497225259999999558e+00
9.800000000000000711e+00 8.000000000000000444e-01 3.528074549000000282e+00
9.400000000000000355e+00 1.600000000000000089e+00 3.706346497000000184e+00
9.599999999999999645e+00 1.199999999999999956e+00 3.780488142000000273e+00
8.199999999999999289e+00 1.800000000000000044e+00 3.794001137999999607e+00
8.400000000000000355e+00 1.800000000000000044e+00 4.077633711999999910e+00
9.199999999999999289e+00 1.800000000000000044e+00 4.195071027000000008e+00
9.599999999999999645e+00 1.800000000000000044e+00 4.416998172999999639e+00
9.599999999999999645e+00 1.600000000000000089e+00 4.801228142000000254e+00
9.800000000000000711e+00 1.399999999999999911e+00 4.865458987000000235e+00
9.400000000000000355e+00 1.800000000000000044e+00 5.145610173999999759e+00
